# Athena++ data at time=1.907944e-01  cycle=66  variables=prim 
# i       x1v         rho          press          vel1         vel2         vel3     
0002 -4.96094e-01  1.00000e+00  1.00000e+00  0.00000e+00  0.00000e+00  0.00000e+00
0003 -4.88281e-01  1.00000e+00  1.00000e+00  0.00000e+00  0.00000e+00  0.00000e+00
0004 -4.80469e-01  1.00000e+00  1.00000e+00  0.00000e+00  0.00000e+00  0.00000e+00
0005 -4.72656e-01  1.00000e+00  1.00000e+00  0.00000e+00  0.00000e+00  0.00000e+00
0006 -4.64844e-01  1.00000e+00  1.00000e+00  0.00000e+00  0.00000e+00  0.00000e+00
0007 -4.57031e-01  1.00000e+00  1.00000e+00  0.00000e+00  0.00000e+00  0.00000e+00
0008 -4.49219e-01  1.00000e+00  1.00000e+00  0.00000e+00  0.00000e+00  0.00000e+00
0009 -4.41406e-01  1.00000e+00  1.00000e+00  0.00000e+00  0.00000e+00  0.00000e+00
0010 -4.33594e-01  1.00000e+00  1.00000e+00  0.00000e+00  0.00000e+00  0.00000e+00
0011 -4.25781e-01  1.00000e+00  1.00000e+00  0.00000e+00  0.00000e+00  0.00000e+00
0012 -4.17969e-01  1.00000e+00  1.00000e+00  0.00000e+00  0.00000e+00  0.00000e+00
0013 -4.10156e-01  1.00000e+00  1.00000e+00  0.00000e+00  0.00000e+00  0.00000e+00
0014 -4.02344e-01  1.00000e+00  1.00000e+00  0.00000e+00  0.00000e+00  0.00000e+00
0015 -3.94531e-01  1.00000e+00  1.00000e+00  0.00000e+00  0.00000e+00  0.00000e+00
0016 -3.86719e-01  1.00000e+00  1.00000e+00  0.00000e+00  0.00000e+00  0.00000e+00
0017 -3.78906e-01  1.00000e+00  1.00000e+00  0.00000e+00  0.00000e+00  0.00000e+00
0018 -3.71094e-01  1.00000e+00  1.00000e+00  9.70646e-16  0.00000e+00  0.00000e+00
0019 -3.63281e-01  1.00000e+00  1.00000e+00  1.33463e-14  0.00000e+00  0.00000e+00
0020 -3.55469e-01  1.00000e+00  1.00000e+00  1.47739e-13  0.00000e+00  0.00000e+00
0021 -3.47656e-01  1.00000e+00  1.00000e+00  1.51739e-12  0.00000e+00  0.00000e+00
0022 -3.39844e-01  1.00000e+00  1.00000e+00  1.44757e-11  0.00000e+00  0.00000e+00
0023 -3.32031e-01  1.00000e+00  1.00000e+00  1.27815e-10  0.00000e+00  0.00000e+00
0024 -3.24219e-01  1.00000e+00  1.00000e+00  1.04193e-09  0.00000e+00  0.00000e+00
0025 -3.16406e-01  1.00000e+00  1.00000e+00  7.81776e-09  0.00000e+00  0.00000e+00
0026 -3.08594e-01  1.00000e+00  1.00000e+00  5.37787e-08  0.00000e+00  0.00000e+00
0027 -3.00781e-01  1.00000e+00  1.00000e+00  3.37495e-07  0.00000e+00  0.00000e+00
0028 -2.92969e-01  9.99998e-01  9.99998e-01  1.92034e-06  0.00000e+00  0.00000e+00
0029 -2.85156e-01  9.99992e-01  9.99988e-01  9.83316e-06  0.00000e+00  0.00000e+00
0030 -2.77344e-01  9.99962e-01  9.99947e-01  4.49142e-05  0.00000e+00  0.00000e+00
0031 -2.69531e-01  9.99847e-01  9.99786e-01  1.81197e-04  0.00000e+00  0.00000e+00
0032 -2.61719e-01  9.99460e-01  9.99244e-01  6.39078e-04  0.00000e+00  0.00000e+00
0033 -2.53906e-01  9.98350e-01  9.97692e-01  1.95273e-03  0.00000e+00  0.00000e+00
0034 -2.46094e-01  9.95663e-01  9.93934e-01  5.13943e-03  0.00000e+00  0.00000e+00
0035 -2.38281e-01  9.90190e-01  9.86296e-01  1.16507e-02  0.00000e+00  0.00000e+00
0036 -2.30469e-01  9.80780e-01  9.73204e-01  2.29143e-02  0.00000e+00  0.00000e+00
0037 -2.22656e-01  9.66922e-01  9.54014e-01  3.96666e-02  0.00000e+00  0.00000e+00
0038 -2.14844e-01  9.49002e-01  9.29359e-01  6.16219e-02  0.00000e+00  0.00000e+00
0039 -2.07031e-01  9.28030e-01  9.00739e-01  8.77438e-02  0.00000e+00  0.00000e+00
0040 -1.99219e-01  9.05138e-01  8.69789e-01  1.16801e-01  0.00000e+00  0.00000e+00
0041 -1.91406e-01  8.81241e-01  8.37810e-01  1.47767e-01  0.00000e+00  0.00000e+00
0042 -1.83594e-01  8.56954e-01  8.05662e-01  1.79932e-01  0.00000e+00  0.00000e+00
0043 -1.75781e-01  8.32652e-01  7.73857e-01  2.12854e-01  0.00000e+00  0.00000e+00
0044 -1.67969e-01  8.08557e-01  7.42685e-01  2.46264e-01  0.00000e+00  0.00000e+00
0045 -1.60156e-01  7.84797e-01  7.12308e-01  2.79997e-01  0.00000e+00  0.00000e+00
0046 -1.52344e-01  7.61451e-01  6.82818e-01  3.13947e-01  0.00000e+00  0.00000e+00
0047 -1.44531e-01  7.38570e-01  6.54263e-01  3.48040e-01  0.00000e+00  0.00000e+00
0048 -1.36719e-01  7.16184e-01  6.26666e-01  3.82222e-01  0.00000e+00  0.00000e+00
0049 -1.28906e-01  6.94313e-01  6.00036e-01  4.16453e-01  0.00000e+00  0.00000e+00
0050 -1.21094e-01  6.72971e-01  5.74371e-01  4.50700e-01  0.00000e+00  0.00000e+00
0051 -1.13281e-01  6.52163e-01  5.49659e-01  4.84935e-01  0.00000e+00  0.00000e+00
0052 -1.05469e-01  6.31892e-01  5.25888e-01  5.19137e-01  0.00000e+00  0.00000e+00
0053 -9.76562e-02  6.12160e-01  5.03039e-01  5.53285e-01  0.00000e+00  0.00000e+00
0054 -8.98438e-02  5.92964e-01  4.81092e-01  5.87360e-01  0.00000e+00  0.00000e+00
0055 -8.20312e-02  5.74302e-01  4.60027e-01  6.21343e-01  0.00000e+00  0.00000e+00
0056 -7.42188e-02  5.56173e-01  4.39824e-01  6.55213e-01  0.00000e+00  0.00000e+00
0057 -6.64062e-02  5.38576e-01  4.20464e-01  6.88945e-01  0.00000e+00  0.00000e+00
0058 -5.85938e-02  5.21515e-01  4.01934e-01  7.22500e-01  0.00000e+00  0.00000e+00
0059 -5.07812e-02  5.05004e-01  3.84231e-01  7.55821e-01  0.00000e+00  0.00000e+00
0060 -4.29688e-02  4.89075e-01  3.67369e-01  7.88802e-01  0.00000e+00  0.00000e+00
0061 -3.51562e-02  4.73806e-01  3.51411e-01  8.21234e-01  0.00000e+00  0.00000e+00
0062 -2.73438e-02  4.59367e-01  3.36519e-01  8.52646e-01  0.00000e+00  0.00000e+00
0063 -1.95312e-02  4.46274e-01  3.23117e-01  8.81954e-01  0.00000e+00  0.00000e+00
0064 -1.17188e-02  4.35226e-01  3.12124e-01  9.06699e-01  0.00000e+00  0.00000e+00
0065 -3.90625e-03  4.28524e-01  3.05102e-01  9.23029e-01  0.00000e+00  0.00000e+00
0066  3.90625e-03  4.25718e-01  3.02590e-01  9.28694e-01  0.00000e+00  0.00000e+00
0067  1.17188e-02  4.25726e-01  3.02523e-01  9.29057e-01  0.00000e+00  0.00000e+00
0068  1.95312e-02  4.25910e-01  3.02738e-01  9.28447e-01  0.00000e+00  0.00000e+00
0069  2.73438e-02  4.25681e-01  3.02499e-01  9.29072e-01  0.00000e+00  0.00000e+00
0070  3.51562e-02  4.25885e-01  3.02683e-01  9.28613e-01  0.00000e+00  0.00000e+00
0071  4.29688e-02  4.25872e-01  3.02637e-01  9.28743e-01  0.00000e+00  0.00000e+00
0072  5.07812e-02  4.26023e-01  3.02762e-01  9.28438e-01  0.00000e+00  0.00000e+00
0073  5.85938e-02  4.26102e-01  3.02802e-01  9.28361e-01  0.00000e+00  0.00000e+00
0074  6.64062e-02  4.26195e-01  3.02874e-01  9.28193e-01  0.00000e+00  0.00000e+00
0075  7.42188e-02  4.26184e-01  3.02914e-01  9.28110e-01  0.00000e+00  0.00000e+00
0076  8.20312e-02  4.26149e-01  3.02953e-01  9.28022e-01  0.00000e+00  0.00000e+00
0077  8.98438e-02  4.25992e-01  3.02983e-01  9.27962e-01  0.00000e+00  0.00000e+00
0078  9.76562e-02  4.25788e-01  3.03008e-01  9.27912e-01  0.00000e+00  0.00000e+00
0079  1.05469e-01  4.25761e-01  3.03027e-01  9.27875e-01  0.00000e+00  0.00000e+00
0080  1.13281e-01  4.25838e-01  3.03043e-01  9.27849e-01  0.00000e+00  0.00000e+00
0081  1.21094e-01  4.26208e-01  3.03056e-01  9.27829e-01  0.00000e+00  0.00000e+00
0082  1.28906e-01  4.26399e-01  3.03066e-01  9.27816e-01  0.00000e+00  0.00000e+00
0083  1.36719e-01  4.26316e-01  3.03077e-01  9.27805e-01  0.00000e+00  0.00000e+00
0084  1.44531e-01  4.25407e-01  3.03086e-01  9.27797e-01  0.00000e+00  0.00000e+00
0085  1.52344e-01  4.21111e-01  3.03096e-01  9.27790e-01  0.00000e+00  0.00000e+00
0086  1.60156e-01  4.08300e-01  3.03105e-01  9.27784e-01  0.00000e+00  0.00000e+00
0087  1.67969e-01  3.81455e-01  3.03113e-01  9.27778e-01  0.00000e+00  0.00000e+00
0088  1.75781e-01  3.42358e-01  3.03120e-01  9.27772e-01  0.00000e+00  0.00000e+00
0089  1.83594e-01  3.03925e-01  3.03126e-01  9.27767e-01  0.00000e+00  0.00000e+00
0090  1.91406e-01  2.78703e-01  3.03132e-01  9.27762e-01  0.00000e+00  0.00000e+00
0091  1.99219e-01  2.67557e-01  3.03139e-01  9.27760e-01  0.00000e+00  0.00000e+00
0092  2.07031e-01  2.64336e-01  3.03145e-01  9.27760e-01  0.00000e+00  0.00000e+00
0093  2.14844e-01  2.63861e-01  3.03152e-01  9.27763e-01  0.00000e+00  0.00000e+00
0094  2.22656e-01  2.63899e-01  3.03160e-01  9.27771e-01  0.00000e+00  0.00000e+00
0095  2.30469e-01  2.64193e-01  3.03171e-01  9.27784e-01  0.00000e+00  0.00000e+00
0096  2.38281e-01  2.64816e-01  3.03183e-01  9.27805e-01  0.00000e+00  0.00000e+00
0097  2.46094e-01  2.65278e-01  3.03198e-01  9.27835e-01  0.00000e+00  0.00000e+00
0098  2.53906e-01  2.65458e-01  3.03215e-01  9.27872e-01  0.00000e+00  0.00000e+00
0099  2.61719e-01  2.65499e-01  3.03231e-01  9.27905e-01  0.00000e+00  0.00000e+00
0100  2.69531e-01  2.65502e-01  3.03244e-01  9.27930e-01  0.00000e+00  0.00000e+00
0101  2.77344e-01  2.65502e-01  3.03254e-01  9.27952e-01  0.00000e+00  0.00000e+00
0102  2.85156e-01  2.65506e-01  3.03273e-01  9.27993e-01  0.00000e+00  0.00000e+00
0103  2.92969e-01  2.65542e-01  3.03314e-01  9.28108e-01  0.00000e+00  0.00000e+00
0104  3.00781e-01  2.65595e-01  3.03367e-01  9.28259e-01  0.00000e+00  0.00000e+00
0105  3.08594e-01  2.65617e-01  3.03365e-01  9.28240e-01  0.00000e+00  0.00000e+00
0106  3.16406e-01  2.65522e-01  3.03165e-01  9.27643e-01  0.00000e+00  0.00000e+00
0107  3.24219e-01  2.60689e-01  2.95426e-01  9.04024e-01  0.00000e+00  0.00000e+00
0108  3.32031e-01  2.24502e-01  2.39457e-01  7.14418e-01  0.00000e+00  0.00000e+00
0109  3.39844e-01  1.59920e-01  1.44748e-01  2.88157e-01  0.00000e+00  0.00000e+00
0110  3.47656e-01  1.28999e-01  1.04578e-01  3.39243e-02  0.00000e+00  0.00000e+00
0111  3.55469e-01  1.25153e-01  1.00171e-01  1.29330e-03  0.00000e+00  0.00000e+00
0112  3.63281e-01  1.25003e-01  1.00004e-01  2.67511e-05  0.00000e+00  0.00000e+00
0113  3.71094e-01  1.25000e-01  1.00000e-01  3.66945e-07  0.00000e+00  0.00000e+00
0114  3.78906e-01  1.25000e-01  1.00000e-01  3.76658e-09  0.00000e+00  0.00000e+00
0115  3.86719e-01  1.25000e-01  1.00000e-01  3.27693e-11  0.00000e+00  0.00000e+00
0116  3.94531e-01  1.25000e-01  1.00000e-01  2.47111e-13  0.00000e+00  0.00000e+00
0117  4.02344e-01  1.25000e-01  1.00000e-01  1.65819e-15  0.00000e+00  0.00000e+00
0118  4.10156e-01  1.25000e-01  1.00000e-01  0.00000e+00  0.00000e+00  0.00000e+00
0119  4.17969e-01  1.25000e-01  1.00000e-01  0.00000e+00  0.00000e+00  0.00000e+00
0120  4.25781e-01  1.25000e-01  1.00000e-01  0.00000e+00  0.00000e+00  0.00000e+00
0121  4.33594e-01  1.25000e-01  1.00000e-01  0.00000e+00  0.00000e+00  0.00000e+00
0122  4.41406e-01  1.25000e-01  1.00000e-01  0.00000e+00  0.00000e+00  0.00000e+00
0123  4.49219e-01  1.25000e-01  1.00000e-01  0.00000e+00  0.00000e+00  0.00000e+00
0124  4.57031e-01  1.25000e-01  1.00000e-01  0.00000e+00  0.00000e+00  0.00000e+00
0125  4.64844e-01  1.25000e-01  1.00000e-01  0.00000e+00  0.00000e+00  0.00000e+00
0126  4.72656e-01  1.25000e-01  1.00000e-01  0.00000e+00  0.00000e+00  0.00000e+00
0127  4.80469e-01  1.25000e-01  1.00000e-01  0.00000e+00  0.00000e+00  0.00000e+00
0128  4.88281e-01  1.25000e-01  1.00000e-01  0.00000e+00  0.00000e+00  0.00000e+00
0129  4.96094e-01  1.25000e-01  1.00000e-01  0.00000e+00  0.00000e+00  0.00000e+00
0130  5.03906e-01  4.82850e-01  1.00000e-01  0.00000e+00  0.00000e+00  0.00000e+00
0131  5.11719e-01  4.89677e-01  1.00000e-01  0.00000e+00  0.00000e+00  0.00000e+00
0132  5.19531e-01  4.96473e-01  1.00000e-01  0.00000e+00  0.00000e+00  0.00000e+00
0133  5.27344e-01  5.03240e-01  1.00000e-01  5.06155e-17  0.00000e+00  0.00000e+00
0134  5.35156e-01  5.09975e-01  1.00000e-01 -1.01629e-16  0.00000e+00  0.00000e+00
0135  5.42969e-01  5.16680e-01  1.00000e-01 -5.72957e-17  0.00000e+00  0.00000e+00
0136  5.50781e-01  5.23353e-01  1.00000e-01  2.86985e-17  0.00000e+00  0.00000e+00
0137  5.58594e-01  5.29994e-01  1.00000e-01  1.16078e-17  0.00000e+00  0.00000e+00
0138  5.66406e-01  5.36603e-01  1.00000e-01  8.30069e-17  0.00000e+00  0.00000e+00
0139  5.74219e-01  5.43179e-01  1.00000e-01 -1.79552e-17  0.00000e+00  0.00000e+00
0140  5.82031e-01  5.49722e-01  1.00000e-01  0.00000e+00  0.00000e+00  0.00000e+00
0141  5.89844e-01  5.56231e-01  1.00000e-01  0.00000e+00  0.00000e+00  0.00000e+00
0142  5.97656e-01  5.62707e-01  1.00000e-01  0.00000e+00  0.00000e+00  0.00000e+00
0143  6.05469e-01  5.69148e-01  1.00000e-01 -9.03856e-17  0.00000e+00  0.00000e+00
0144  6.13281e-01  5.75554e-01  1.00000e-01 -2.53772e-17  0.00000e+00  0.00000e+00
0145  6.21094e-01  5.81925e-01  1.00000e-01  1.22101e-16  0.00000e+00  0.00000e+00
0146  6.28906e-01  5.88261e-01  1.00000e-01  2.63671e-17  0.00000e+00  0.00000e+00
0147  6.36719e-01  5.94560e-01  1.00000e-01 -8.70084e-17  0.00000e+00  0.00000e+00
0148  6.44531e-01  6.00824e-01  1.00000e-01 -6.76861e-18  0.00000e+00  0.00000e+00
0149  6.52344e-01  6.07051e-01  1.00000e-01  5.81214e-17  0.00000e+00  0.00000e+00
0150  6.60156e-01  6.13240e-01  1.00000e-01 -1.53008e-17  0.00000e+00  0.00000e+00
0151  6.67969e-01  6.19393e-01  1.00000e-01  3.84596e-17  0.00000e+00  0.00000e+00
0152  6.75781e-01  6.25507e-01  1.00000e-01  1.79574e-17  0.00000e+00  0.00000e+00
0153  6.83594e-01  6.31583e-01  1.00000e-01  1.34625e-16  0.00000e+00  0.00000e+00
0154  6.91406e-01  6.37621e-01  1.00000e-01  5.57580e-17  0.00000e+00  0.00000e+00
0155  6.99219e-01  6.43620e-01  1.00000e-01  1.25351e-16  0.00000e+00  0.00000e+00
0156  7.07031e-01  6.49580e-01  1.00000e-01  8.70662e-17  0.00000e+00  0.00000e+00
0157  7.14844e-01  6.55499e-01  1.00000e-01 -1.54210e-17  0.00000e+00  0.00000e+00
0158  7.22656e-01  6.61379e-01  1.00000e-01 -1.68810e-16  0.00000e+00  0.00000e+00
0159  7.30469e-01  6.67219e-01  1.00000e-01 -1.81088e-16  0.00000e+00  0.00000e+00
0160  7.38281e-01  6.73018e-01  1.00000e-01 -3.83112e-17  0.00000e+00  0.00000e+00
0161  7.46094e-01  6.78775e-01  1.00000e-01  2.21630e-17  0.00000e+00  0.00000e+00
0162  7.53906e-01  6.84492e-01  1.00000e-01 -3.66837e-17  0.00000e+00  0.00000e+00
0163  7.61719e-01  6.90166e-01  1.00000e-01 -7.32241e-18  0.00000e+00  0.00000e+00
0164  7.69531e-01  6.95799e-01  1.00000e-01  0.00000e+00  0.00000e+00  0.00000e+00
0165  7.77344e-01  7.01389e-01  1.00000e-01 -4.21280e-17  0.00000e+00  0.00000e+00
0166  7.85156e-01  7.06936e-01  1.00000e-01  3.22303e-17  0.00000e+00  0.00000e+00
0167  7.92969e-01  7.12440e-01  1.00000e-01  6.03313e-17  0.00000e+00  0.00000e+00
0168  8.00781e-01  7.17900e-01  1.00000e-01 -1.45905e-17  0.00000e+00  0.00000e+00
0169  8.08594e-01  7.23317e-01  1.00000e-01 -5.60378e-17  0.00000e+00  0.00000e+00
0170  8.16406e-01  7.28689e-01  1.00000e-01 -1.47660e-17  0.00000e+00  0.00000e+00
0171  8.24219e-01  7.34017e-01  1.00000e-01  3.48062e-17  0.00000e+00  0.00000e+00
0172  8.32031e-01  7.39301e-01  1.00000e-01 -1.38263e-18  0.00000e+00  0.00000e+00
0173  8.39844e-01  7.44539e-01  1.00000e-01 -1.08739e-16  0.00000e+00  0.00000e+00
0174  8.47656e-01  7.49732e-01  1.00000e-01 -3.33333e-17  0.00000e+00  0.00000e+00
0175  8.55469e-01  7.54878e-01  1.00000e-01  7.34243e-17  0.00000e+00  0.00000e+00
0176  8.63281e-01  7.59979e-01  1.00000e-01  5.54803e-17  0.00000e+00  0.00000e+00
0177  8.71094e-01  7.65034e-01  1.00000e-01  4.51891e-17  0.00000e+00  0.00000e+00
0178  8.78906e-01  7.70042e-01  1.00000e-01 -3.92063e-17  0.00000e+00  0.00000e+00
0179  8.86719e-01  7.75002e-01  1.00000e-01 -6.49237e-17  0.00000e+00  0.00000e+00
0180  8.94531e-01  7.79916e-01  1.00000e-01  5.63167e-17  0.00000e+00  0.00000e+00
0181  9.02344e-01  7.84782e-01  1.00000e-01  6.08497e-17  0.00000e+00  0.00000e+00
0182  9.10156e-01  7.89600e-01  1.00000e-01 -2.71262e-17  0.00000e+00  0.00000e+00
0183  9.17969e-01  7.94369e-01  1.00000e-01 -1.88059e-17  0.00000e+00  0.00000e+00
0184  9.25781e-01  7.99091e-01  1.00000e-01  0.00000e+00  0.00000e+00  0.00000e+00
0185  9.33594e-01  8.03763e-01  1.00000e-01  6.96875e-17  0.00000e+00  0.00000e+00
0186  9.41406e-01  8.08387e-01  1.00000e-01  4.33439e-17  0.00000e+00  0.00000e+00
0187  9.49219e-01  8.12961e-01  1.00000e-01 -5.57332e-17  0.00000e+00  0.00000e+00
0188  9.57031e-01  8.17485e-01  1.00000e-01 -1.94461e-17  0.00000e+00  0.00000e+00
0189  9.64844e-01  8.21960e-01  1.00000e-01 -3.63098e-17  0.00000e+00  0.00000e+00
0190  9.72656e-01  8.26384e-01  1.00000e-01 -4.30252e-17  0.00000e+00  0.00000e+00
0191  9.80469e-01  8.30758e-01  1.00000e-01  3.00179e-17  0.00000e+00  0.00000e+00
0192  9.88281e-01  8.35082e-01  1.00000e-01  1.27146e-17  0.00000e+00  0.00000e+00
0193  9.96094e-01  8.39354e-01  1.00000e-01  0.00000e+00  0.00000e+00  0.00000e+00
0194  1.00391e+00  1.25000e-01  1.00000e-01  0.00000e+00  0.00000e+00  0.00000e+00
0195  1.01172e+00  1.25000e-01  1.00000e-01  0.00000e+00  0.00000e+00  0.00000e+00
0196  1.01953e+00  1.25000e-01  1.00000e-01  0.00000e+00  0.00000e+00  0.00000e+00
0197  1.02734e+00  1.25000e-01  1.00000e-01  0.00000e+00  0.00000e+00  0.00000e+00
0198  1.03516e+00  1.25000e-01  1.00000e-01  0.00000e+00  0.00000e+00  0.00000e+00
0199  1.04297e+00  1.25000e-01  1.00000e-01  0.00000e+00  0.00000e+00  0.00000e+00
0200  1.05078e+00  1.25000e-01  1.00000e-01  0.00000e+00  0.00000e+00  0.00000e+00
0201  1.05859e+00  1.25000e-01  1.00000e-01  0.00000e+00  0.00000e+00  0.00000e+00
0202  1.06641e+00  1.25000e-01  1.00000e-01  0.00000e+00  0.00000e+00  0.00000e+00
0203  1.07422e+00  1.25000e-01  1.00000e-01  0.00000e+00  0.00000e+00  0.00000e+00
0204  1.08203e+00  1.25000e-01  1.00000e-01  0.00000e+00  0.00000e+00  0.00000e+00
0205  1.08984e+00  1.25000e-01  1.00000e-01  0.00000e+00  0.00000e+00  0.00000e+00
0206  1.09766e+00  1.25000e-01  1.00000e-01  0.00000e+00  0.00000e+00  0.00000e+00
0207  1.10547e+00  1.25000e-01  1.00000e-01  0.00000e+00  0.00000e+00  0.00000e+00
0208  1.11328e+00  1.25000e-01  1.00000e-01  0.00000e+00  0.00000e+00  0.00000e+00
0209  1.12109e+00  1.25000e-01  1.00000e-01  0.00000e+00  0.00000e+00  0.00000e+00
0210  1.12891e+00  1.25000e-01  1.00000e-01  0.00000e+00  0.00000e+00  0.00000e+00
0211  1.13672e+00  1.25000e-01  1.00000e-01  0.00000e+00  0.00000e+00  0.00000e+00
0212  1.14453e+00  1.25000e-01  1.00000e-01  0.00000e+00  0.00000e+00  0.00000e+00
0213  1.15234e+00  1.25000e-01  1.00000e-01  0.00000e+00  0.00000e+00  0.00000e+00
0214  1.16016e+00  1.25000e-01  1.00000e-01  0.00000e+00  0.00000e+00  0.00000e+00
0215  1.16797e+00  1.25000e-01  1.00000e-01  0.00000e+00  0.00000e+00  0.00000e+00
0216  1.17578e+00  1.25000e-01  1.00000e-01  0.00000e+00  0.00000e+00  0.00000e+00
0217  1.18359e+00  1.25000e-01  1.00000e-01  0.00000e+00  0.00000e+00  0.00000e+00
0218  1.19141e+00  1.25000e-01  1.00000e-01  0.00000e+00  0.00000e+00  0.00000e+00
0219  1.19922e+00  1.25000e-01  1.00000e-01  0.00000e+00  0.00000e+00  0.00000e+00
0220  1.20703e+00  1.25000e-01  1.00000e-01  0.00000e+00  0.00000e+00  0.00000e+00
0221  1.21484e+00  1.25000e-01  1.00000e-01  0.00000e+00  0.00000e+00  0.00000e+00
0222  1.22266e+00  1.25000e-01  1.00000e-01  0.00000e+00  0.00000e+00  0.00000e+00
0223  1.23047e+00  1.25000e-01  1.00000e-01  0.00000e+00  0.00000e+00  0.00000e+00
0224  1.23828e+00  1.25000e-01  1.00000e-01  0.00000e+00  0.00000e+00  0.00000e+00
0225  1.24609e+00  1.25000e-01  1.00000e-01  0.00000e+00  0.00000e+00  0.00000e+00
0226  1.25391e+00  1.25000e-01  1.00000e-01  0.00000e+00  0.00000e+00  0.00000e+00
0227  1.26172e+00  1.25000e-01  1.00000e-01  0.00000e+00  0.00000e+00  0.00000e+00
0228  1.26953e+00  1.25000e-01  1.00000e-01  0.00000e+00  0.00000e+00  0.00000e+00
0229  1.27734e+00  1.25000e-01  1.00000e-01  0.00000e+00  0.00000e+00  0.00000e+00
0230  1.28516e+00  1.25000e-01  1.00000e-01  0.00000e+00  0.00000e+00  0.00000e+00
0231  1.29297e+00  1.25000e-01  1.00000e-01  0.00000e+00  0.00000e+00  0.00000e+00
0232  1.30078e+00  1.25000e-01  1.00000e-01  0.00000e+00  0.00000e+00  0.00000e+00
0233  1.30859e+00  1.25000e-01  1.00000e-01  0.00000e+00  0.00000e+00  0.00000e+00
0234  1.31641e+00  1.25000e-01  1.00000e-01  0.00000e+00  0.00000e+00  0.00000e+00
0235  1.32422e+00  1.25000e-01  1.00000e-01  0.00000e+00  0.00000e+00  0.00000e+00
0236  1.33203e+00  1.25000e-01  1.00000e-01  0.00000e+00  0.00000e+00  0.00000e+00
0237  1.33984e+00  1.25000e-01  1.00000e-01  0.00000e+00  0.00000e+00  0.00000e+00
0238  1.34766e+00  1.25000e-01  1.00000e-01  0.00000e+00  0.00000e+00  0.00000e+00
0239  1.35547e+00  1.25000e-01  1.00000e-01  0.00000e+00  0.00000e+00  0.00000e+00
0240  1.36328e+00  1.25000e-01  1.00000e-01  0.00000e+00  0.00000e+00  0.00000e+00
0241  1.37109e+00  1.25000e-01  1.00000e-01  0.00000e+00  0.00000e+00  0.00000e+00
0242  1.37891e+00  1.25000e-01  1.00000e-01  0.00000e+00  0.00000e+00  0.00000e+00
0243  1.38672e+00  1.25000e-01  1.00000e-01  0.00000e+00  0.00000e+00  0.00000e+00
0244  1.39453e+00  1.25000e-01  1.00000e-01  0.00000e+00  0.00000e+00  0.00000e+00
0245  1.40234e+00  1.25000e-01  1.00000e-01  0.00000e+00  0.00000e+00  0.00000e+00
0246  1.41016e+00  1.25000e-01  1.00000e-01  0.00000e+00  0.00000e+00  0.00000e+00
0247  1.41797e+00  1.25000e-01  1.00000e-01  0.00000e+00  0.00000e+00  0.00000e+00
0248  1.42578e+00  1.25000e-01  1.00000e-01  0.00000e+00  0.00000e+00  0.00000e+00
0249  1.43359e+00  1.25000e-01  1.00000e-01  0.00000e+00  0.00000e+00  0.00000e+00
0250  1.44141e+00  1.25000e-01  1.00000e-01  0.00000e+00  0.00000e+00  0.00000e+00
0251  1.44922e+00  1.25000e-01  1.00000e-01  0.00000e+00  0.00000e+00  0.00000e+00
0252  1.45703e+00  1.25000e-01  1.00000e-01  0.00000e+00  0.00000e+00  0.00000e+00
0253  1.46484e+00  1.25000e-01  1.00000e-01  0.00000e+00  0.00000e+00  0.00000e+00
0254  1.47266e+00  1.25000e-01  1.00000e-01  0.00000e+00  0.00000e+00  0.00000e+00
0255  1.48047e+00  1.25000e-01  1.00000e-01  0.00000e+00  0.00000e+00  0.00000e+00
0256  1.48828e+00  1.25000e-01  1.00000e-01  0.00000e+00  0.00000e+00  0.00000e+00
0257  1.49609e+00  1.25000e-01  1.00000e-01  0.00000e+00  0.00000e+00  0.00000e+00
