# Athena++ data at time=2.021792e-01  cycle=70  variables=prim 
# i       x1v         rho          press          vel1         vel2         vel3     
0002 -4.96094e-01  1.00000e+00  1.00000e+00  0.00000e+00  0.00000e+00  0.00000e+00
0003 -4.88281e-01  1.00000e+00  1.00000e+00  0.00000e+00  0.00000e+00  0.00000e+00
0004 -4.80469e-01  1.00000e+00  1.00000e+00  0.00000e+00  0.00000e+00  0.00000e+00
0005 -4.72656e-01  1.00000e+00  1.00000e+00  0.00000e+00  0.00000e+00  0.00000e+00
0006 -4.64844e-01  1.00000e+00  1.00000e+00  0.00000e+00  0.00000e+00  0.00000e+00
0007 -4.57031e-01  1.00000e+00  1.00000e+00  0.00000e+00  0.00000e+00  0.00000e+00
0008 -4.49219e-01  1.00000e+00  1.00000e+00  0.00000e+00  0.00000e+00  0.00000e+00
0009 -4.41406e-01  1.00000e+00  1.00000e+00  0.00000e+00  0.00000e+00  0.00000e+00
0010 -4.33594e-01  1.00000e+00  1.00000e+00  0.00000e+00  0.00000e+00  0.00000e+00
0011 -4.25781e-01  1.00000e+00  1.00000e+00  0.00000e+00  0.00000e+00  0.00000e+00
0012 -4.17969e-01  1.00000e+00  1.00000e+00  0.00000e+00  0.00000e+00  0.00000e+00
0013 -4.10156e-01  1.00000e+00  1.00000e+00  0.00000e+00  0.00000e+00  0.00000e+00
0014 -4.02344e-01  1.00000e+00  1.00000e+00  0.00000e+00  0.00000e+00  0.00000e+00
0015 -3.94531e-01  1.00000e+00  1.00000e+00  0.00000e+00  0.00000e+00  0.00000e+00
0016 -3.86719e-01  1.00000e+00  1.00000e+00  9.70761e-16  0.00000e+00  0.00000e+00
0017 -3.78906e-01  1.00000e+00  1.00000e+00  1.33479e-14  0.00000e+00  0.00000e+00
0018 -3.71094e-01  1.00000e+00  1.00000e+00  1.41851e-13  0.00000e+00  0.00000e+00
0019 -3.63281e-01  1.00000e+00  1.00000e+00  1.40177e-12  0.00000e+00  0.00000e+00
0020 -3.55469e-01  1.00000e+00  1.00000e+00  1.28875e-11  0.00000e+00  0.00000e+00
0021 -3.47656e-01  1.00000e+00  1.00000e+00  1.10046e-10  0.00000e+00  0.00000e+00
0022 -3.39844e-01  1.00000e+00  1.00000e+00  8.70697e-10  0.00000e+00  0.00000e+00
0023 -3.32031e-01  1.00000e+00  1.00000e+00  6.36407e-09  0.00000e+00  0.00000e+00
0024 -3.24219e-01  1.00000e+00  1.00000e+00  4.28090e-08  0.00000e+00  0.00000e+00
0025 -3.16406e-01  1.00000e+00  1.00000e+00  2.63759e-07  0.00000e+00  0.00000e+00
0026 -3.08594e-01  9.99999e-01  9.99998e-01  1.47980e-06  0.00000e+00  0.00000e+00
0027 -3.00781e-01  9.99994e-01  9.99991e-01  7.50624e-06  0.00000e+00  0.00000e+00
0028 -2.92969e-01  9.99971e-01  9.99960e-01  3.41363e-05  0.00000e+00  0.00000e+00
0029 -2.85156e-01  9.99883e-01  9.99837e-01  1.37865e-04  0.00000e+00  0.00000e+00
0030 -2.77344e-01  9.99586e-01  9.99421e-01  4.89547e-04  0.00000e+00  0.00000e+00
0031 -2.69531e-01  9.98721e-01  9.98209e-01  1.51438e-03  0.00000e+00  0.00000e+00
0032 -2.61719e-01  9.96577e-01  9.95212e-01  4.05469e-03  0.00000e+00  0.00000e+00
0033 -2.53906e-01  9.92094e-01  9.88951e-01  9.38274e-03  0.00000e+00  0.00000e+00
0034 -2.46094e-01  9.84155e-01  9.77893e-01  1.88653e-02  0.00000e+00  0.00000e+00
0035 -2.38281e-01  9.72115e-01  9.61191e-01  3.33674e-02  0.00000e+00  0.00000e+00
0036 -2.30469e-01  9.56131e-01  9.39144e-01  5.28483e-02  0.00000e+00  0.00000e+00
0037 -2.22656e-01  9.37022e-01  9.12977e-01  7.64860e-02  0.00000e+00  0.00000e+00
0038 -2.14844e-01  9.15830e-01  8.84204e-01  1.03155e-01  0.00000e+00  0.00000e+00
0039 -2.07031e-01  8.93463e-01  8.54121e-01  1.31843e-01  0.00000e+00  0.00000e+00
0040 -1.99219e-01  8.70560e-01  8.23626e-01  1.61818e-01  0.00000e+00  0.00000e+00
0041 -1.91406e-01  8.47524e-01  7.93275e-01  1.92610e-01  0.00000e+00  0.00000e+00
0042 -1.83594e-01  8.24595e-01  7.63390e-01  2.23930e-01  0.00000e+00  0.00000e+00
0043 -1.75781e-01  8.01915e-01  7.34155e-01  2.55603e-01  0.00000e+00  0.00000e+00
0044 -1.67969e-01  7.79569e-01  7.05672e-01  2.87517e-01  0.00000e+00  0.00000e+00
0045 -1.60156e-01  7.57613e-01  6.78003e-01  3.19596e-01  0.00000e+00  0.00000e+00
0046 -1.52344e-01  7.36081e-01  6.51177e-01  3.51785e-01  0.00000e+00  0.00000e+00
0047 -1.44531e-01  7.14997e-01  6.25211e-01  3.84044e-01  0.00000e+00  0.00000e+00
0048 -1.36719e-01  6.94373e-01  6.00108e-01  4.16342e-01  0.00000e+00  0.00000e+00
0049 -1.28906e-01  6.74221e-01  5.75865e-01  4.48654e-01  0.00000e+00  0.00000e+00
0050 -1.21094e-01  6.54543e-01  5.52471e-01  4.80957e-01  0.00000e+00  0.00000e+00
0051 -1.13281e-01  6.35344e-01  5.29915e-01  5.13233e-01  0.00000e+00  0.00000e+00
0052 -1.05469e-01  6.16622e-01  5.08181e-01  5.45467e-01  0.00000e+00  0.00000e+00
0053 -9.76562e-02  5.98376e-01  4.87252e-01  5.77644e-01  0.00000e+00  0.00000e+00
0054 -8.98438e-02  5.80604e-01  4.67112e-01  6.09747e-01  0.00000e+00  0.00000e+00
0055 -8.20312e-02  5.63305e-01  4.47742e-01  6.41763e-01  0.00000e+00  0.00000e+00
0056 -7.42188e-02  5.46476e-01  4.29125e-01  6.73671e-01  0.00000e+00  0.00000e+00
0057 -6.64062e-02  5.30118e-01  4.11249e-01  7.05447e-01  0.00000e+00  0.00000e+00
0058 -5.85938e-02  5.14238e-01  3.94105e-01  7.37055e-01  0.00000e+00  0.00000e+00
0059 -5.07812e-02  4.98851e-01  3.77693e-01  7.68436e-01  0.00000e+00  0.00000e+00
0060 -4.29688e-02  4.83990e-01  3.62034e-01  7.99484e-01  0.00000e+00  0.00000e+00
0061 -3.51562e-02  4.69742e-01  3.47197e-01  8.29982e-01  0.00000e+00  0.00000e+00
0062 -2.73438e-02  4.56277e-01  3.33356e-01  8.59448e-01  0.00000e+00  0.00000e+00
0063 -1.95312e-02  4.44127e-01  3.20949e-01  8.86769e-01  0.00000e+00  0.00000e+00
0064 -1.17188e-02  4.34043e-01  3.10899e-01  9.09487e-01  0.00000e+00  0.00000e+00
0065 -3.90625e-03  4.27990e-01  3.04678e-01  9.24010e-01  0.00000e+00  0.00000e+00
0066  3.90625e-03  4.25805e-01  3.02571e-01  9.28731e-01  0.00000e+00  0.00000e+00
0067  1.17188e-02  4.25746e-01  3.02542e-01  9.29001e-01  0.00000e+00  0.00000e+00
0068  1.95312e-02  4.25905e-01  3.02712e-01  9.28496e-01  0.00000e+00  0.00000e+00
0069  2.73438e-02  4.25699e-01  3.02515e-01  9.29023e-01  0.00000e+00  0.00000e+00
0070  3.51562e-02  4.25863e-01  3.02676e-01  9.28617e-01  0.00000e+00  0.00000e+00
0071  4.29688e-02  4.25847e-01  3.02644e-01  9.28713e-01  0.00000e+00  0.00000e+00
0072  5.07812e-02  4.25972e-01  3.02764e-01  9.28422e-01  0.00000e+00  0.00000e+00
0073  5.85938e-02  4.26053e-01  3.02805e-01  9.28337e-01  0.00000e+00  0.00000e+00
0074  6.64062e-02  4.26184e-01  3.02875e-01  9.28174e-01  0.00000e+00  0.00000e+00
0075  7.42188e-02  4.26225e-01  3.02914e-01  9.28091e-01  0.00000e+00  0.00000e+00
0076  8.20312e-02  4.26227e-01  3.02952e-01  9.28005e-01  0.00000e+00  0.00000e+00
0077  8.98438e-02  4.26203e-01  3.02981e-01  9.27946e-01  0.00000e+00  0.00000e+00
0078  9.76562e-02  4.26078e-01  3.03005e-01  9.27895e-01  0.00000e+00  0.00000e+00
0079  1.05469e-01  4.25870e-01  3.03024e-01  9.27859e-01  0.00000e+00  0.00000e+00
0080  1.13281e-01  4.25809e-01  3.03038e-01  9.27832e-01  0.00000e+00  0.00000e+00
0081  1.21094e-01  4.25848e-01  3.03050e-01  9.27813e-01  0.00000e+00  0.00000e+00
0082  1.28906e-01  4.26102e-01  3.03060e-01  9.27799e-01  0.00000e+00  0.00000e+00
0083  1.36719e-01  4.26321e-01  3.03070e-01  9.27786e-01  0.00000e+00  0.00000e+00
0084  1.44531e-01  4.26279e-01  3.03079e-01  9.27777e-01  0.00000e+00  0.00000e+00
0085  1.52344e-01  4.25745e-01  3.03088e-01  9.27768e-01  0.00000e+00  0.00000e+00
0086  1.60156e-01  4.22876e-01  3.03097e-01  9.27761e-01  0.00000e+00  0.00000e+00
0087  1.67969e-01  4.13549e-01  3.03105e-01  9.27755e-01  0.00000e+00  0.00000e+00
0088  1.75781e-01  3.92032e-01  3.03113e-01  9.27751e-01  0.00000e+00  0.00000e+00
0089  1.83594e-01  3.56745e-01  3.03121e-01  9.27746e-01  0.00000e+00  0.00000e+00
0090  1.91406e-01  3.16881e-01  3.03128e-01  9.27740e-01  0.00000e+00  0.00000e+00
0091  1.99219e-01  2.86452e-01  3.03133e-01  9.27735e-01  0.00000e+00  0.00000e+00
0092  2.07031e-01  2.70714e-01  3.03138e-01  9.27731e-01  0.00000e+00  0.00000e+00
0093  2.14844e-01  2.65207e-01  3.03143e-01  9.27728e-01  0.00000e+00  0.00000e+00
0094  2.22656e-01  2.64017e-01  3.03149e-01  9.27728e-01  0.00000e+00  0.00000e+00
0095  2.30469e-01  2.63961e-01  3.03155e-01  9.27728e-01  0.00000e+00  0.00000e+00
0096  2.38281e-01  2.64076e-01  3.03161e-01  9.27731e-01  0.00000e+00  0.00000e+00
0097  2.46094e-01  2.64560e-01  3.03168e-01  9.27739e-01  0.00000e+00  0.00000e+00
0098  2.53906e-01  2.65108e-01  3.03178e-01  9.27754e-01  0.00000e+00  0.00000e+00
0099  2.61719e-01  2.65390e-01  3.03190e-01  9.27775e-01  0.00000e+00  0.00000e+00
0100  2.69531e-01  2.65473e-01  3.03204e-01  9.27806e-01  0.00000e+00  0.00000e+00
0101  2.77344e-01  2.65488e-01  3.03220e-01  9.27842e-01  0.00000e+00  0.00000e+00
0102  2.85156e-01  2.65491e-01  3.03234e-01  9.27874e-01  0.00000e+00  0.00000e+00
0103  2.92969e-01  2.65493e-01  3.03245e-01  9.27900e-01  0.00000e+00  0.00000e+00
0104  3.00781e-01  2.65502e-01  3.03258e-01  9.27931e-01  0.00000e+00  0.00000e+00
0105  3.08594e-01  2.65534e-01  3.03283e-01  9.27995e-01  0.00000e+00  0.00000e+00
0106  3.16406e-01  2.65588e-01  3.03325e-01  9.28116e-01  0.00000e+00  0.00000e+00
0107  3.24219e-01  2.65621e-01  3.03344e-01  9.28165e-01  0.00000e+00  0.00000e+00
0108  3.32031e-01  2.65630e-01  3.03333e-01  9.28126e-01  0.00000e+00  0.00000e+00
0109  3.39844e-01  2.64853e-01  3.02027e-01  9.24204e-01  0.00000e+00  0.00000e+00
0110  3.47656e-01  2.50487e-01  2.79420e-01  8.53201e-01  0.00000e+00  0.00000e+00
0111  3.55469e-01  1.95272e-01  1.95586e-01  5.38011e-01  0.00000e+00  0.00000e+00
0112  3.63281e-01  1.40511e-01  1.18745e-01  1.31581e-01  0.00000e+00  0.00000e+00
0113  3.71094e-01  1.26041e-01  1.01173e-01  8.81236e-03  0.00000e+00  0.00000e+00
0114  3.78906e-01  1.25029e-01  1.00033e-01  2.46195e-04  0.00000e+00  0.00000e+00
0115  3.86719e-01  1.25000e-01  1.00001e-01  4.11244e-06  0.00000e+00  0.00000e+00
0116  3.94531e-01  1.25000e-01  1.00000e-01  4.97820e-08  0.00000e+00  0.00000e+00
0117  4.02344e-01  1.25000e-01  1.00000e-01  4.70827e-10  0.00000e+00  0.00000e+00
0118  4.10156e-01  1.25000e-01  1.00000e-01  3.76341e-12  0.00000e+00  0.00000e+00
0119  4.17969e-01  1.25000e-01  1.00000e-01  2.79095e-14  0.00000e+00  0.00000e+00
0120  4.25781e-01  1.25000e-01  1.00000e-01  1.21346e-16  0.00000e+00  0.00000e+00
0121  4.33594e-01  1.25000e-01  1.00000e-01  0.00000e+00  0.00000e+00  0.00000e+00
0122  4.41406e-01  1.25000e-01  1.00000e-01  0.00000e+00  0.00000e+00  0.00000e+00
0123  4.49219e-01  1.25000e-01  1.00000e-01  0.00000e+00  0.00000e+00  0.00000e+00
0124  4.57031e-01  1.25000e-01  1.00000e-01  0.00000e+00  0.00000e+00  0.00000e+00
0125  4.64844e-01  1.25000e-01  1.00000e-01  0.00000e+00  0.00000e+00  0.00000e+00
0126  4.72656e-01  1.25000e-01  1.00000e-01  0.00000e+00  0.00000e+00  0.00000e+00
0127  4.80469e-01  1.25000e-01  1.00000e-01  0.00000e+00  0.00000e+00  0.00000e+00
0128  4.88281e-01  1.25000e-01  1.00000e-01  0.00000e+00  0.00000e+00  0.00000e+00
0129  4.96094e-01  1.25000e-01  1.00000e-01  0.00000e+00  0.00000e+00  0.00000e+00
0130  5.03906e-01  4.82850e-01  1.00000e-01  0.00000e+00  0.00000e+00  0.00000e+00
0131  5.11719e-01  4.89677e-01  1.00000e-01  0.00000e+00  0.00000e+00  0.00000e+00
0132  5.19531e-01  4.96473e-01  1.00000e-01  0.00000e+00  0.00000e+00  0.00000e+00
0133  5.27344e-01  5.03240e-01  1.00000e-01  5.06162e-17  0.00000e+00  0.00000e+00
0134  5.35156e-01  5.09975e-01  1.00000e-01 -1.01631e-16  0.00000e+00  0.00000e+00
0135  5.42969e-01  5.16680e-01  1.00000e-01 -5.72950e-17  0.00000e+00  0.00000e+00
0136  5.50781e-01  5.23353e-01  1.00000e-01  2.86985e-17  0.00000e+00  0.00000e+00
0137  5.58594e-01  5.29994e-01  1.00000e-01  1.16078e-17  0.00000e+00  0.00000e+00
0138  5.66406e-01  5.36603e-01  1.00000e-01  8.30069e-17  0.00000e+00  0.00000e+00
0139  5.74219e-01  5.43179e-01  1.00000e-01 -1.79552e-17  0.00000e+00  0.00000e+00
0140  5.82031e-01  5.49722e-01  1.00000e-01  0.00000e+00  0.00000e+00  0.00000e+00
0141  5.89844e-01  5.56231e-01  1.00000e-01  0.00000e+00  0.00000e+00  0.00000e+00
0142  5.97656e-01  5.62707e-01  1.00000e-01  0.00000e+00  0.00000e+00  0.00000e+00
0143  6.05469e-01  5.69148e-01  1.00000e-01 -9.03856e-17  0.00000e+00  0.00000e+00
0144  6.13281e-01  5.75554e-01  1.00000e-01 -2.53772e-17  0.00000e+00  0.00000e+00
0145  6.21094e-01  5.81925e-01  1.00000e-01  1.22101e-16  0.00000e+00  0.00000e+00
0146  6.28906e-01  5.88261e-01  1.00000e-01  2.63671e-17  0.00000e+00  0.00000e+00
0147  6.36719e-01  5.94560e-01  1.00000e-01 -8.70084e-17  0.00000e+00  0.00000e+00
0148  6.44531e-01  6.00824e-01  1.00000e-01 -6.76861e-18  0.00000e+00  0.00000e+00
0149  6.52344e-01  6.07051e-01  1.00000e-01  5.81214e-17  0.00000e+00  0.00000e+00
0150  6.60156e-01  6.13240e-01  1.00000e-01 -1.53008e-17  0.00000e+00  0.00000e+00
0151  6.67969e-01  6.19393e-01  1.00000e-01  5.47848e-17  0.00000e+00  0.00000e+00
0152  6.75781e-01  6.25507e-01  1.00000e-01  1.79570e-17  0.00000e+00  0.00000e+00
0153  6.83594e-01  6.31583e-01  1.00000e-01  1.34626e-16  0.00000e+00  0.00000e+00
0154  6.91406e-01  6.37621e-01  1.00000e-01  5.57570e-17  0.00000e+00  0.00000e+00
0155  6.99219e-01  6.43620e-01  1.00000e-01  1.33206e-16  0.00000e+00  0.00000e+00
0156  7.07031e-01  6.49580e-01  1.00000e-01  9.48492e-17  0.00000e+00  0.00000e+00
0157  7.14844e-01  6.55499e-01  1.00000e-01 -4.62729e-17  0.00000e+00  0.00000e+00
0158  7.22656e-01  6.61379e-01  1.00000e-01 -1.68810e-16  0.00000e+00  0.00000e+00
0159  7.30469e-01  6.67219e-01  1.00000e-01 -1.81088e-16  0.00000e+00  0.00000e+00
0160  7.38281e-01  6.73018e-01  1.00000e-01 -3.83112e-17  0.00000e+00  0.00000e+00
0161  7.46094e-01  6.78775e-01  1.00000e-01  2.21630e-17  0.00000e+00  0.00000e+00
0162  7.53906e-01  6.84492e-01  1.00000e-01 -3.66837e-17  0.00000e+00  0.00000e+00
0163  7.61719e-01  6.90166e-01  1.00000e-01 -7.32241e-18  0.00000e+00  0.00000e+00
0164  7.69531e-01  6.95799e-01  1.00000e-01  0.00000e+00  0.00000e+00  0.00000e+00
0165  7.77344e-01  7.01389e-01  1.00000e-01 -4.21280e-17  0.00000e+00  0.00000e+00
0166  7.85156e-01  7.06936e-01  1.00000e-01  3.22309e-17  0.00000e+00  0.00000e+00
0167  7.92969e-01  7.12440e-01  1.00000e-01  6.03303e-17  0.00000e+00  0.00000e+00
0168  8.00781e-01  7.17900e-01  1.00000e-01 -1.45905e-17  0.00000e+00  0.00000e+00
0169  8.08594e-01  7.23317e-01  1.00000e-01 -5.60368e-17  0.00000e+00  0.00000e+00
0170  8.16406e-01  7.28689e-01  1.00000e-01 -1.47665e-17  0.00000e+00  0.00000e+00
0171  8.24219e-01  7.34017e-01  1.00000e-01  3.48062e-17  0.00000e+00  0.00000e+00
0172  8.32031e-01  7.39301e-01  1.00000e-01 -1.38314e-18  0.00000e+00  0.00000e+00
0173  8.39844e-01  7.44539e-01  1.00000e-01 -1.08738e-16  0.00000e+00  0.00000e+00
0174  8.47656e-01  7.49732e-01  1.00000e-01 -3.33332e-17  0.00000e+00  0.00000e+00
0175  8.55469e-01  7.54878e-01  1.00000e-01  7.34241e-17  0.00000e+00  0.00000e+00
0176  8.63281e-01  7.59979e-01  1.00000e-01  5.54804e-17  0.00000e+00  0.00000e+00
0177  8.71094e-01  7.65034e-01  1.00000e-01  4.51896e-17  0.00000e+00  0.00000e+00
0178  8.78906e-01  7.70042e-01  1.00000e-01 -3.92068e-17  0.00000e+00  0.00000e+00
0179  8.86719e-01  7.75002e-01  1.00000e-01 -6.49242e-17  0.00000e+00  0.00000e+00
0180  8.94531e-01  7.79916e-01  1.00000e-01  5.63177e-17  0.00000e+00  0.00000e+00
0181  9.02344e-01  7.84782e-01  1.00000e-01  6.08488e-17  0.00000e+00  0.00000e+00
0182  9.10156e-01  7.89600e-01  1.00000e-01 -2.71262e-17  0.00000e+00  0.00000e+00
0183  9.17969e-01  7.94369e-01  1.00000e-01 -1.88054e-17  0.00000e+00  0.00000e+00
0184  9.25781e-01  7.99091e-01  1.00000e-01  0.00000e+00  0.00000e+00  0.00000e+00
0185  9.33594e-01  8.03763e-01  1.00000e-01  6.96875e-17  0.00000e+00  0.00000e+00
0186  9.41406e-01  8.08387e-01  1.00000e-01  4.33439e-17  0.00000e+00  0.00000e+00
0187  9.49219e-01  8.12961e-01  1.00000e-01 -5.57332e-17  0.00000e+00  0.00000e+00
0188  9.57031e-01  8.17485e-01  1.00000e-01 -1.94461e-17  0.00000e+00  0.00000e+00
0189  9.64844e-01  8.21960e-01  1.00000e-01 -3.63098e-17  0.00000e+00  0.00000e+00
0190  9.72656e-01  8.26384e-01  1.00000e-01 -4.30256e-17  0.00000e+00  0.00000e+00
0191  9.80469e-01  8.30758e-01  1.00000e-01  3.00183e-17  0.00000e+00  0.00000e+00
0192  9.88281e-01  8.35082e-01  1.00000e-01  1.27146e-17  0.00000e+00  0.00000e+00
0193  9.96094e-01  8.39354e-01  1.00000e-01  0.00000e+00  0.00000e+00  0.00000e+00
0194  1.00391e+00  1.25000e-01  1.00000e-01  0.00000e+00  0.00000e+00  0.00000e+00
0195  1.01172e+00  1.25000e-01  1.00000e-01  0.00000e+00  0.00000e+00  0.00000e+00
0196  1.01953e+00  1.25000e-01  1.00000e-01  0.00000e+00  0.00000e+00  0.00000e+00
0197  1.02734e+00  1.25000e-01  1.00000e-01  0.00000e+00  0.00000e+00  0.00000e+00
0198  1.03516e+00  1.25000e-01  1.00000e-01  0.00000e+00  0.00000e+00  0.00000e+00
0199  1.04297e+00  1.25000e-01  1.00000e-01  0.00000e+00  0.00000e+00  0.00000e+00
0200  1.05078e+00  1.25000e-01  1.00000e-01  0.00000e+00  0.00000e+00  0.00000e+00
0201  1.05859e+00  1.25000e-01  1.00000e-01  0.00000e+00  0.00000e+00  0.00000e+00
0202  1.06641e+00  1.25000e-01  1.00000e-01  0.00000e+00  0.00000e+00  0.00000e+00
0203  1.07422e+00  1.25000e-01  1.00000e-01  0.00000e+00  0.00000e+00  0.00000e+00
0204  1.08203e+00  1.25000e-01  1.00000e-01  0.00000e+00  0.00000e+00  0.00000e+00
0205  1.08984e+00  1.25000e-01  1.00000e-01  0.00000e+00  0.00000e+00  0.00000e+00
0206  1.09766e+00  1.25000e-01  1.00000e-01  0.00000e+00  0.00000e+00  0.00000e+00
0207  1.10547e+00  1.25000e-01  1.00000e-01  0.00000e+00  0.00000e+00  0.00000e+00
0208  1.11328e+00  1.25000e-01  1.00000e-01  0.00000e+00  0.00000e+00  0.00000e+00
0209  1.12109e+00  1.25000e-01  1.00000e-01  0.00000e+00  0.00000e+00  0.00000e+00
0210  1.12891e+00  1.25000e-01  1.00000e-01  0.00000e+00  0.00000e+00  0.00000e+00
0211  1.13672e+00  1.25000e-01  1.00000e-01  0.00000e+00  0.00000e+00  0.00000e+00
0212  1.14453e+00  1.25000e-01  1.00000e-01  0.00000e+00  0.00000e+00  0.00000e+00
0213  1.15234e+00  1.25000e-01  1.00000e-01  0.00000e+00  0.00000e+00  0.00000e+00
0214  1.16016e+00  1.25000e-01  1.00000e-01  0.00000e+00  0.00000e+00  0.00000e+00
0215  1.16797e+00  1.25000e-01  1.00000e-01  0.00000e+00  0.00000e+00  0.00000e+00
0216  1.17578e+00  1.25000e-01  1.00000e-01  0.00000e+00  0.00000e+00  0.00000e+00
0217  1.18359e+00  1.25000e-01  1.00000e-01  0.00000e+00  0.00000e+00  0.00000e+00
0218  1.19141e+00  1.25000e-01  1.00000e-01  0.00000e+00  0.00000e+00  0.00000e+00
0219  1.19922e+00  1.25000e-01  1.00000e-01  0.00000e+00  0.00000e+00  0.00000e+00
0220  1.20703e+00  1.25000e-01  1.00000e-01  0.00000e+00  0.00000e+00  0.00000e+00
0221  1.21484e+00  1.25000e-01  1.00000e-01  0.00000e+00  0.00000e+00  0.00000e+00
0222  1.22266e+00  1.25000e-01  1.00000e-01  0.00000e+00  0.00000e+00  0.00000e+00
0223  1.23047e+00  1.25000e-01  1.00000e-01  0.00000e+00  0.00000e+00  0.00000e+00
0224  1.23828e+00  1.25000e-01  1.00000e-01  0.00000e+00  0.00000e+00  0.00000e+00
0225  1.24609e+00  1.25000e-01  1.00000e-01  0.00000e+00  0.00000e+00  0.00000e+00
0226  1.25391e+00  1.25000e-01  1.00000e-01  0.00000e+00  0.00000e+00  0.00000e+00
0227  1.26172e+00  1.25000e-01  1.00000e-01  0.00000e+00  0.00000e+00  0.00000e+00
0228  1.26953e+00  1.25000e-01  1.00000e-01  0.00000e+00  0.00000e+00  0.00000e+00
0229  1.27734e+00  1.25000e-01  1.00000e-01  0.00000e+00  0.00000e+00  0.00000e+00
0230  1.28516e+00  1.25000e-01  1.00000e-01  0.00000e+00  0.00000e+00  0.00000e+00
0231  1.29297e+00  1.25000e-01  1.00000e-01  0.00000e+00  0.00000e+00  0.00000e+00
0232  1.30078e+00  1.25000e-01  1.00000e-01  0.00000e+00  0.00000e+00  0.00000e+00
0233  1.30859e+00  1.25000e-01  1.00000e-01  0.00000e+00  0.00000e+00  0.00000e+00
0234  1.31641e+00  1.25000e-01  1.00000e-01  0.00000e+00  0.00000e+00  0.00000e+00
0235  1.32422e+00  1.25000e-01  1.00000e-01  0.00000e+00  0.00000e+00  0.00000e+00
0236  1.33203e+00  1.25000e-01  1.00000e-01  0.00000e+00  0.00000e+00  0.00000e+00
0237  1.33984e+00  1.25000e-01  1.00000e-01  0.00000e+00  0.00000e+00  0.00000e+00
0238  1.34766e+00  1.25000e-01  1.00000e-01  0.00000e+00  0.00000e+00  0.00000e+00
0239  1.35547e+00  1.25000e-01  1.00000e-01  0.00000e+00  0.00000e+00  0.00000e+00
0240  1.36328e+00  1.25000e-01  1.00000e-01  0.00000e+00  0.00000e+00  0.00000e+00
0241  1.37109e+00  1.25000e-01  1.00000e-01  0.00000e+00  0.00000e+00  0.00000e+00
0242  1.37891e+00  1.25000e-01  1.00000e-01  0.00000e+00  0.00000e+00  0.00000e+00
0243  1.38672e+00  1.25000e-01  1.00000e-01  0.00000e+00  0.00000e+00  0.00000e+00
0244  1.39453e+00  1.25000e-01  1.00000e-01  0.00000e+00  0.00000e+00  0.00000e+00
0245  1.40234e+00  1.25000e-01  1.00000e-01  0.00000e+00  0.00000e+00  0.00000e+00
0246  1.41016e+00  1.25000e-01  1.00000e-01  0.00000e+00  0.00000e+00  0.00000e+00
0247  1.41797e+00  1.25000e-01  1.00000e-01  0.00000e+00  0.00000e+00  0.00000e+00
0248  1.42578e+00  1.25000e-01  1.00000e-01  0.00000e+00  0.00000e+00  0.00000e+00
0249  1.43359e+00  1.25000e-01  1.00000e-01  0.00000e+00  0.00000e+00  0.00000e+00
0250  1.44141e+00  1.25000e-01  1.00000e-01  0.00000e+00  0.00000e+00  0.00000e+00
0251  1.44922e+00  1.25000e-01  1.00000e-01  0.00000e+00  0.00000e+00  0.00000e+00
0252  1.45703e+00  1.25000e-01  1.00000e-01  0.00000e+00  0.00000e+00  0.00000e+00
0253  1.46484e+00  1.25000e-01  1.00000e-01  0.00000e+00  0.00000e+00  0.00000e+00
0254  1.47266e+00  1.25000e-01  1.00000e-01  0.00000e+00  0.00000e+00  0.00000e+00
0255  1.48047e+00  1.25000e-01  1.00000e-01  0.00000e+00  0.00000e+00  0.00000e+00
0256  1.48828e+00  1.25000e-01  1.00000e-01  0.00000e+00  0.00000e+00  0.00000e+00
0257  1.49609e+00  1.25000e-01  1.00000e-01  0.00000e+00  0.00000e+00  0.00000e+00
