# Athena++ data at time=4.045436e-02  cycle=13  variables=prim 
# i       x1v         rho          press          vel1         vel2         vel3     
0002 -4.96094e-01  1.00000e+00  1.00000e+00  0.00000e+00  0.00000e+00  0.00000e+00
0003 -4.88281e-01  1.00000e+00  1.00000e+00  0.00000e+00  0.00000e+00  0.00000e+00
0004 -4.80469e-01  1.00000e+00  1.00000e+00  0.00000e+00  0.00000e+00  0.00000e+00
0005 -4.72656e-01  1.00000e+00  1.00000e+00  0.00000e+00  0.00000e+00  0.00000e+00
0006 -4.64844e-01  1.00000e+00  1.00000e+00  0.00000e+00  0.00000e+00  0.00000e+00
0007 -4.57031e-01  1.00000e+00  1.00000e+00  0.00000e+00  0.00000e+00  0.00000e+00
0008 -4.49219e-01  1.00000e+00  1.00000e+00  0.00000e+00  0.00000e+00  0.00000e+00
0009 -4.41406e-01  1.00000e+00  1.00000e+00  0.00000e+00  0.00000e+00  0.00000e+00
0010 -4.33594e-01  1.00000e+00  1.00000e+00  0.00000e+00  0.00000e+00  0.00000e+00
0011 -4.25781e-01  1.00000e+00  1.00000e+00  0.00000e+00  0.00000e+00  0.00000e+00
0012 -4.17969e-01  1.00000e+00  1.00000e+00  0.00000e+00  0.00000e+00  0.00000e+00
0013 -4.10156e-01  1.00000e+00  1.00000e+00  0.00000e+00  0.00000e+00  0.00000e+00
0014 -4.02344e-01  1.00000e+00  1.00000e+00  0.00000e+00  0.00000e+00  0.00000e+00
0015 -3.94531e-01  1.00000e+00  1.00000e+00  0.00000e+00  0.00000e+00  0.00000e+00
0016 -3.86719e-01  1.00000e+00  1.00000e+00  0.00000e+00  0.00000e+00  0.00000e+00
0017 -3.78906e-01  1.00000e+00  1.00000e+00  0.00000e+00  0.00000e+00  0.00000e+00
0018 -3.71094e-01  1.00000e+00  1.00000e+00  0.00000e+00  0.00000e+00  0.00000e+00
0019 -3.63281e-01  1.00000e+00  1.00000e+00  0.00000e+00  0.00000e+00  0.00000e+00
0020 -3.55469e-01  1.00000e+00  1.00000e+00  0.00000e+00  0.00000e+00  0.00000e+00
0021 -3.47656e-01  1.00000e+00  1.00000e+00  0.00000e+00  0.00000e+00  0.00000e+00
0022 -3.39844e-01  1.00000e+00  1.00000e+00  0.00000e+00  0.00000e+00  0.00000e+00
0023 -3.32031e-01  1.00000e+00  1.00000e+00  0.00000e+00  0.00000e+00  0.00000e+00
0024 -3.24219e-01  1.00000e+00  1.00000e+00  0.00000e+00  0.00000e+00  0.00000e+00
0025 -3.16406e-01  1.00000e+00  1.00000e+00  0.00000e+00  0.00000e+00  0.00000e+00
0026 -3.08594e-01  1.00000e+00  1.00000e+00  0.00000e+00  0.00000e+00  0.00000e+00
0027 -3.00781e-01  1.00000e+00  1.00000e+00  0.00000e+00  0.00000e+00  0.00000e+00
0028 -2.92969e-01  1.00000e+00  1.00000e+00  0.00000e+00  0.00000e+00  0.00000e+00
0029 -2.85156e-01  1.00000e+00  1.00000e+00  0.00000e+00  0.00000e+00  0.00000e+00
0030 -2.77344e-01  1.00000e+00  1.00000e+00  0.00000e+00  0.00000e+00  0.00000e+00
0031 -2.69531e-01  1.00000e+00  1.00000e+00  0.00000e+00  0.00000e+00  0.00000e+00
0032 -2.61719e-01  1.00000e+00  1.00000e+00  0.00000e+00  0.00000e+00  0.00000e+00
0033 -2.53906e-01  1.00000e+00  1.00000e+00  0.00000e+00  0.00000e+00  0.00000e+00
0034 -2.46094e-01  1.00000e+00  1.00000e+00  0.00000e+00  0.00000e+00  0.00000e+00
0035 -2.38281e-01  1.00000e+00  1.00000e+00  0.00000e+00  0.00000e+00  0.00000e+00
0036 -2.30469e-01  1.00000e+00  1.00000e+00  0.00000e+00  0.00000e+00  0.00000e+00
0037 -2.22656e-01  1.00000e+00  1.00000e+00  0.00000e+00  0.00000e+00  0.00000e+00
0038 -2.14844e-01  1.00000e+00  1.00000e+00  0.00000e+00  0.00000e+00  0.00000e+00
0039 -2.07031e-01  1.00000e+00  1.00000e+00  0.00000e+00  0.00000e+00  0.00000e+00
0040 -1.99219e-01  1.00000e+00  1.00000e+00  0.00000e+00  0.00000e+00  0.00000e+00
0041 -1.91406e-01  1.00000e+00  1.00000e+00  0.00000e+00  0.00000e+00  0.00000e+00
0042 -1.83594e-01  1.00000e+00  1.00000e+00  0.00000e+00  0.00000e+00  0.00000e+00
0043 -1.75781e-01  1.00000e+00  1.00000e+00  0.00000e+00  0.00000e+00  0.00000e+00
0044 -1.67969e-01  1.00000e+00  1.00000e+00  0.00000e+00  0.00000e+00  0.00000e+00
0045 -1.60156e-01  1.00000e+00  1.00000e+00  0.00000e+00  0.00000e+00  0.00000e+00
0046 -1.52344e-01  1.00000e+00  1.00000e+00  0.00000e+00  0.00000e+00  0.00000e+00
0047 -1.44531e-01  1.00000e+00  1.00000e+00  0.00000e+00  0.00000e+00  0.00000e+00
0048 -1.36719e-01  1.00000e+00  1.00000e+00  8.01965e-16  0.00000e+00  0.00000e+00
0049 -1.28906e-01  1.00000e+00  1.00000e+00  1.26534e-13  0.00000e+00  0.00000e+00
0050 -1.21094e-01  1.00000e+00  1.00000e+00  1.01502e-11  0.00000e+00  0.00000e+00
0051 -1.13281e-01  1.00000e+00  1.00000e+00  4.96448e-10  0.00000e+00  0.00000e+00
0052 -1.05469e-01  1.00000e+00  1.00000e+00  1.60801e-08  0.00000e+00  0.00000e+00
0053 -9.76562e-02  1.00000e+00  1.00000e+00  3.62155e-07  0.00000e+00  0.00000e+00
0054 -8.98438e-02  9.99995e-01  9.99993e-01  5.82885e-06  0.00000e+00  0.00000e+00
0055 -8.20312e-02  9.99943e-01  9.99920e-01  6.78767e-05  0.00000e+00  0.00000e+00
0056 -7.42188e-02  9.99516e-01  9.99322e-01  5.72863e-04  0.00000e+00  0.00000e+00
0057 -6.64062e-02  9.97049e-01  9.95873e-01  3.49197e-03  0.00000e+00  0.00000e+00
0058 -5.85938e-02  9.87029e-01  9.81907e-01  1.53881e-02  0.00000e+00  0.00000e+00
0059 -5.07812e-02  9.58454e-01  9.42432e-01  4.98285e-02  0.00000e+00  0.00000e+00
0060 -4.29688e-02  9.00414e-01  8.63717e-01  1.22626e-01  0.00000e+00  0.00000e+00
0061 -3.51562e-02  8.13792e-01  7.49833e-01  2.39356e-01  0.00000e+00  0.00000e+00
0062 -2.73438e-02  7.13620e-01  6.23890e-01  3.88332e-01  0.00000e+00  0.00000e+00
0063 -1.95312e-02  6.16020e-01  5.07933e-01  5.47653e-01  0.00000e+00  0.00000e+00
0064 -1.17188e-02  5.35375e-01  4.15844e-01  7.04802e-01  0.00000e+00  0.00000e+00
0065 -3.90625e-03  4.59560e-01  3.45519e-01  8.35358e-01  0.00000e+00  0.00000e+00
0066  3.90625e-03  4.35222e-01  3.05534e-01  9.16496e-01  0.00000e+00  0.00000e+00
0067  1.17188e-02  4.34149e-01  3.01475e-01  9.33281e-01  0.00000e+00  0.00000e+00
0068  1.95312e-02  4.26837e-01  3.05314e-01  9.28750e-01  0.00000e+00  0.00000e+00
0069  2.73438e-02  3.98069e-01  3.04037e-01  9.36485e-01  0.00000e+00  0.00000e+00
0070  3.51562e-02  3.47295e-01  3.07387e-01  9.38474e-01  0.00000e+00  0.00000e+00
0071  4.29688e-02  2.96893e-01  3.07228e-01  9.42719e-01  0.00000e+00  0.00000e+00
0072  5.07812e-02  2.71312e-01  3.08106e-01  9.42867e-01  0.00000e+00  0.00000e+00
0073  5.85938e-02  2.57836e-01  3.02885e-01  9.28235e-01  0.00000e+00  0.00000e+00
0074  6.64062e-02  2.29483e-01  2.53378e-01  7.64422e-01  0.00000e+00  0.00000e+00
0075  7.42188e-02  1.66594e-01  1.54197e-01  3.39576e-01  0.00000e+00  0.00000e+00
0076  8.20312e-02  1.30326e-01  1.06140e-01  4.52294e-02  0.00000e+00  0.00000e+00
0077  8.98438e-02  1.25214e-01  1.00240e-01  1.81474e-03  0.00000e+00  0.00000e+00
0078  9.76562e-02  1.25004e-01  1.00005e-01  3.80808e-05  0.00000e+00  0.00000e+00
0079  1.05469e-01  1.25000e-01  1.00000e-01  5.04526e-07  0.00000e+00  0.00000e+00
0080  1.13281e-01  1.25000e-01  1.00000e-01  4.82320e-09  0.00000e+00  0.00000e+00
0081  1.21094e-01  1.25000e-01  1.00000e-01  3.47851e-11  0.00000e+00  0.00000e+00
0082  1.28906e-01  1.25000e-01  1.00000e-01  1.76976e-13  0.00000e+00  0.00000e+00
0083  1.36719e-01  1.25000e-01  1.00000e-01  5.21277e-16  0.00000e+00  0.00000e+00
0084  1.44531e-01  1.25000e-01  1.00000e-01  0.00000e+00  0.00000e+00  0.00000e+00
0085  1.52344e-01  1.25000e-01  1.00000e-01  0.00000e+00  0.00000e+00  0.00000e+00
0086  1.60156e-01  1.25000e-01  1.00000e-01  0.00000e+00  0.00000e+00  0.00000e+00
0087  1.67969e-01  1.25000e-01  1.00000e-01  0.00000e+00  0.00000e+00  0.00000e+00
0088  1.75781e-01  1.25000e-01  1.00000e-01  0.00000e+00  0.00000e+00  0.00000e+00
0089  1.83594e-01  1.25000e-01  1.00000e-01  0.00000e+00  0.00000e+00  0.00000e+00
0090  1.91406e-01  1.25000e-01  1.00000e-01  0.00000e+00  0.00000e+00  0.00000e+00
0091  1.99219e-01  1.25000e-01  1.00000e-01  0.00000e+00  0.00000e+00  0.00000e+00
0092  2.07031e-01  1.25000e-01  1.00000e-01  0.00000e+00  0.00000e+00  0.00000e+00
0093  2.14844e-01  1.25000e-01  1.00000e-01  0.00000e+00  0.00000e+00  0.00000e+00
0094  2.22656e-01  1.25000e-01  1.00000e-01  0.00000e+00  0.00000e+00  0.00000e+00
0095  2.30469e-01  1.25000e-01  1.00000e-01  0.00000e+00  0.00000e+00  0.00000e+00
0096  2.38281e-01  1.25000e-01  1.00000e-01  0.00000e+00  0.00000e+00  0.00000e+00
0097  2.46094e-01  1.25000e-01  1.00000e-01  0.00000e+00  0.00000e+00  0.00000e+00
0098  2.53906e-01  1.25000e-01  1.00000e-01  0.00000e+00  0.00000e+00  0.00000e+00
0099  2.61719e-01  1.25000e-01  1.00000e-01  0.00000e+00  0.00000e+00  0.00000e+00
0100  2.69531e-01  1.25000e-01  1.00000e-01  0.00000e+00  0.00000e+00  0.00000e+00
0101  2.77344e-01  1.25000e-01  1.00000e-01  0.00000e+00  0.00000e+00  0.00000e+00
0102  2.85156e-01  1.25000e-01  1.00000e-01  0.00000e+00  0.00000e+00  0.00000e+00
0103  2.92969e-01  1.25000e-01  1.00000e-01  0.00000e+00  0.00000e+00  0.00000e+00
0104  3.00781e-01  1.25000e-01  1.00000e-01  0.00000e+00  0.00000e+00  0.00000e+00
0105  3.08594e-01  1.25000e-01  1.00000e-01  0.00000e+00  0.00000e+00  0.00000e+00
0106  3.16406e-01  1.25000e-01  1.00000e-01  0.00000e+00  0.00000e+00  0.00000e+00
0107  3.24219e-01  1.25000e-01  1.00000e-01  0.00000e+00  0.00000e+00  0.00000e+00
0108  3.32031e-01  1.25000e-01  1.00000e-01  0.00000e+00  0.00000e+00  0.00000e+00
0109  3.39844e-01  1.25000e-01  1.00000e-01  0.00000e+00  0.00000e+00  0.00000e+00
0110  3.47656e-01  1.25000e-01  1.00000e-01  0.00000e+00  0.00000e+00  0.00000e+00
0111  3.55469e-01  1.25000e-01  1.00000e-01  0.00000e+00  0.00000e+00  0.00000e+00
0112  3.63281e-01  1.25000e-01  1.00000e-01  0.00000e+00  0.00000e+00  0.00000e+00
0113  3.71094e-01  1.25000e-01  1.00000e-01  0.00000e+00  0.00000e+00  0.00000e+00
0114  3.78906e-01  1.25000e-01  1.00000e-01  0.00000e+00  0.00000e+00  0.00000e+00
0115  3.86719e-01  1.25000e-01  1.00000e-01  0.00000e+00  0.00000e+00  0.00000e+00
0116  3.94531e-01  1.25000e-01  1.00000e-01  0.00000e+00  0.00000e+00  0.00000e+00
0117  4.02344e-01  1.25000e-01  1.00000e-01  0.00000e+00  0.00000e+00  0.00000e+00
0118  4.10156e-01  1.25000e-01  1.00000e-01  0.00000e+00  0.00000e+00  0.00000e+00
0119  4.17969e-01  1.25000e-01  1.00000e-01  0.00000e+00  0.00000e+00  0.00000e+00
0120  4.25781e-01  1.25000e-01  1.00000e-01  0.00000e+00  0.00000e+00  0.00000e+00
0121  4.33594e-01  1.25000e-01  1.00000e-01  0.00000e+00  0.00000e+00  0.00000e+00
0122  4.41406e-01  1.25000e-01  1.00000e-01  0.00000e+00  0.00000e+00  0.00000e+00
0123  4.49219e-01  1.25000e-01  1.00000e-01  0.00000e+00  0.00000e+00  0.00000e+00
0124  4.57031e-01  1.25000e-01  1.00000e-01  0.00000e+00  0.00000e+00  0.00000e+00
0125  4.64844e-01  1.25000e-01  1.00000e-01  0.00000e+00  0.00000e+00  0.00000e+00
0126  4.72656e-01  1.25000e-01  1.00000e-01  0.00000e+00  0.00000e+00  0.00000e+00
0127  4.80469e-01  1.25000e-01  1.00000e-01  0.00000e+00  0.00000e+00  0.00000e+00
0128  4.88281e-01  1.25000e-01  1.00000e-01  0.00000e+00  0.00000e+00  0.00000e+00
0129  4.96094e-01  1.25000e-01  1.00000e-01  0.00000e+00  0.00000e+00  0.00000e+00
0130  5.03906e-01  4.82850e-01  1.00000e-01  0.00000e+00  0.00000e+00  0.00000e+00
0131  5.11719e-01  4.89677e-01  1.00000e-01  0.00000e+00  0.00000e+00  0.00000e+00
0132  5.19531e-01  4.96473e-01  1.00000e-01  0.00000e+00  0.00000e+00  0.00000e+00
0133  5.27344e-01  5.03240e-01  1.00000e-01  4.05987e-17  0.00000e+00  0.00000e+00
0134  5.35156e-01  5.09975e-01  1.00000e-01 -8.18605e-17  0.00000e+00  0.00000e+00
0135  5.42969e-01  5.16680e-01  1.00000e-01 -4.76578e-17  0.00000e+00  0.00000e+00
0136  5.50781e-01  5.23353e-01  1.00000e-01  2.86727e-17  0.00000e+00  0.00000e+00
0137  5.58594e-01  5.29994e-01  1.00000e-01  1.16147e-17  0.00000e+00  0.00000e+00
0138  5.66406e-01  5.36603e-01  1.00000e-01  7.36704e-17  0.00000e+00  0.00000e+00
0139  5.74219e-01  5.43179e-01  1.00000e-01 -2.71616e-17  0.00000e+00  0.00000e+00
0140  5.82031e-01  5.49722e-01  1.00000e-01  0.00000e+00  0.00000e+00  0.00000e+00
0141  5.89844e-01  5.56231e-01  1.00000e-01  0.00000e+00  0.00000e+00  0.00000e+00
0142  5.97656e-01  5.62707e-01  1.00000e-01  0.00000e+00  0.00000e+00  0.00000e+00
0143  6.05469e-01  5.69148e-01  1.00000e-01 -8.15616e-17  0.00000e+00  0.00000e+00
0144  6.13281e-01  5.75554e-01  1.00000e-01 -7.98960e-18  0.00000e+00  0.00000e+00
0145  6.21094e-01  5.81925e-01  1.00000e-01  8.76729e-17  0.00000e+00  0.00000e+00
0146  6.28906e-01  5.88261e-01  1.00000e-01  3.48467e-17  0.00000e+00  0.00000e+00
0147  6.36719e-01  5.94560e-01  1.00000e-01 -7.85331e-17  0.00000e+00  0.00000e+00
0148  6.44531e-01  6.00824e-01  1.00000e-01 -6.79685e-18  0.00000e+00  0.00000e+00
0149  6.52344e-01  6.07051e-01  1.00000e-01  4.98763e-17  0.00000e+00  0.00000e+00
0150  6.60156e-01  6.13240e-01  1.00000e-01 -1.53008e-17  0.00000e+00  0.00000e+00
0151  6.67969e-01  6.19393e-01  1.00000e-01  3.02977e-17  0.00000e+00  0.00000e+00
0152  6.75781e-01  6.25507e-01  1.00000e-01 -3.85874e-17  0.00000e+00  0.00000e+00
0153  6.83594e-01  6.31583e-01  1.00000e-01  4.67194e-17  0.00000e+00  0.00000e+00
0154  6.91406e-01  6.37621e-01  1.00000e-01 -2.31385e-17  0.00000e+00  0.00000e+00
0155  6.99219e-01  6.43620e-01  1.00000e-01  7.08444e-17  0.00000e+00  0.00000e+00
0156  7.07031e-01  6.49580e-01  1.00000e-01  4.04331e-17  0.00000e+00  0.00000e+00
0157  7.14844e-01  6.55499e-01  1.00000e-01  0.00000e+00  0.00000e+00  0.00000e+00
0158  7.22656e-01  6.61379e-01  1.00000e-01 -3.90467e-17  0.00000e+00  0.00000e+00
0159  7.30469e-01  6.67219e-01  1.00000e-01 -8.30609e-17  0.00000e+00  0.00000e+00
0160  7.38281e-01  6.73018e-01  1.00000e-01  2.14888e-17  0.00000e+00  0.00000e+00
0161  7.46094e-01  6.78775e-01  1.00000e-01  2.95570e-17  0.00000e+00  0.00000e+00
0162  7.53906e-01  6.84492e-01  1.00000e-01 -2.93475e-17  0.00000e+00  0.00000e+00
0163  7.61719e-01  6.90166e-01  1.00000e-01 -7.32241e-18  0.00000e+00  0.00000e+00
0164  7.69531e-01  6.95799e-01  1.00000e-01  0.00000e+00  0.00000e+00  0.00000e+00
0165  7.77344e-01  7.01389e-01  1.00000e-01 -4.21280e-17  0.00000e+00  0.00000e+00
0166  7.85156e-01  7.06936e-01  1.00000e-01  2.50998e-17  0.00000e+00  0.00000e+00
0167  7.92969e-01  7.12440e-01  1.00000e-01  7.44822e-17  0.00000e+00  0.00000e+00
0168  8.00781e-01  7.17900e-01  1.00000e-01 -1.45905e-17  0.00000e+00  0.00000e+00
0169  8.08594e-01  7.23317e-01  1.00000e-01 -6.99759e-17  0.00000e+00  0.00000e+00
0170  8.16406e-01  7.28689e-01  1.00000e-01 -7.84834e-18  0.00000e+00  0.00000e+00
0171  8.24219e-01  7.34017e-01  1.00000e-01  3.48062e-17  0.00000e+00  0.00000e+00
0172  8.32031e-01  7.39301e-01  1.00000e-01 -8.14924e-18  0.00000e+00  0.00000e+00
0173  8.39844e-01  7.44539e-01  1.00000e-01 -8.85565e-17  0.00000e+00  0.00000e+00
0174  8.47656e-01  7.49732e-01  1.00000e-01  1.29495e-19  0.00000e+00  0.00000e+00
0175  8.55469e-01  7.54878e-01  1.00000e-01  6.01229e-17  0.00000e+00  0.00000e+00
0176  8.63281e-01  7.59979e-01  1.00000e-01  2.24911e-17  0.00000e+00  0.00000e+00
0177  8.71094e-01  7.65034e-01  1.00000e-01  5.17176e-17  0.00000e+00  0.00000e+00
0178  8.78906e-01  7.70042e-01  1.00000e-01 -3.91961e-17  0.00000e+00  0.00000e+00
0179  8.86719e-01  7.75002e-01  1.00000e-01 -6.48668e-17  0.00000e+00  0.00000e+00
0180  8.94531e-01  7.79916e-01  1.00000e-01  3.69689e-17  0.00000e+00  0.00000e+00
0181  9.02344e-01  7.84782e-01  1.00000e-01  8.00704e-17  0.00000e+00  0.00000e+00
0182  9.10156e-01  7.89600e-01  1.00000e-01 -2.71262e-17  0.00000e+00  0.00000e+00
0183  9.17969e-01  7.94369e-01  1.00000e-01 -2.51516e-17  0.00000e+00  0.00000e+00
0184  9.25781e-01  7.99091e-01  1.00000e-01  0.00000e+00  0.00000e+00  0.00000e+00
0185  9.33594e-01  8.03763e-01  1.00000e-01  4.47610e-17  0.00000e+00  0.00000e+00
0186  9.41406e-01  8.08387e-01  1.00000e-01  1.85755e-17  0.00000e+00  0.00000e+00
0187  9.49219e-01  8.12961e-01  1.00000e-01 -3.11041e-17  0.00000e+00  0.00000e+00
0188  9.57031e-01  8.17485e-01  1.00000e-01  5.06202e-18  0.00000e+00  0.00000e+00
0189  9.64844e-01  8.21960e-01  1.00000e-01 -3.63098e-17  0.00000e+00  0.00000e+00
0190  9.72656e-01  8.26384e-01  1.00000e-01 -3.69253e-17  0.00000e+00  0.00000e+00
0191  9.80469e-01  8.30758e-01  1.00000e-01  2.39501e-17  0.00000e+00  0.00000e+00
0192  9.88281e-01  8.35082e-01  1.00000e-01  1.27146e-17  0.00000e+00  0.00000e+00
0193  9.96094e-01  8.39354e-01  1.00000e-01  0.00000e+00  0.00000e+00  0.00000e+00
0194  1.00391e+00  1.25000e-01  1.00000e-01  0.00000e+00  0.00000e+00  0.00000e+00
0195  1.01172e+00  1.25000e-01  1.00000e-01  0.00000e+00  0.00000e+00  0.00000e+00
0196  1.01953e+00  1.25000e-01  1.00000e-01  0.00000e+00  0.00000e+00  0.00000e+00
0197  1.02734e+00  1.25000e-01  1.00000e-01  0.00000e+00  0.00000e+00  0.00000e+00
0198  1.03516e+00  1.25000e-01  1.00000e-01  0.00000e+00  0.00000e+00  0.00000e+00
0199  1.04297e+00  1.25000e-01  1.00000e-01  0.00000e+00  0.00000e+00  0.00000e+00
0200  1.05078e+00  1.25000e-01  1.00000e-01  0.00000e+00  0.00000e+00  0.00000e+00
0201  1.05859e+00  1.25000e-01  1.00000e-01  0.00000e+00  0.00000e+00  0.00000e+00
0202  1.06641e+00  1.25000e-01  1.00000e-01  0.00000e+00  0.00000e+00  0.00000e+00
0203  1.07422e+00  1.25000e-01  1.00000e-01  0.00000e+00  0.00000e+00  0.00000e+00
0204  1.08203e+00  1.25000e-01  1.00000e-01  0.00000e+00  0.00000e+00  0.00000e+00
0205  1.08984e+00  1.25000e-01  1.00000e-01  0.00000e+00  0.00000e+00  0.00000e+00
0206  1.09766e+00  1.25000e-01  1.00000e-01  0.00000e+00  0.00000e+00  0.00000e+00
0207  1.10547e+00  1.25000e-01  1.00000e-01  0.00000e+00  0.00000e+00  0.00000e+00
0208  1.11328e+00  1.25000e-01  1.00000e-01  0.00000e+00  0.00000e+00  0.00000e+00
0209  1.12109e+00  1.25000e-01  1.00000e-01  0.00000e+00  0.00000e+00  0.00000e+00
0210  1.12891e+00  1.25000e-01  1.00000e-01  0.00000e+00  0.00000e+00  0.00000e+00
0211  1.13672e+00  1.25000e-01  1.00000e-01  0.00000e+00  0.00000e+00  0.00000e+00
0212  1.14453e+00  1.25000e-01  1.00000e-01  0.00000e+00  0.00000e+00  0.00000e+00
0213  1.15234e+00  1.25000e-01  1.00000e-01  0.00000e+00  0.00000e+00  0.00000e+00
0214  1.16016e+00  1.25000e-01  1.00000e-01  0.00000e+00  0.00000e+00  0.00000e+00
0215  1.16797e+00  1.25000e-01  1.00000e-01  0.00000e+00  0.00000e+00  0.00000e+00
0216  1.17578e+00  1.25000e-01  1.00000e-01  0.00000e+00  0.00000e+00  0.00000e+00
0217  1.18359e+00  1.25000e-01  1.00000e-01  0.00000e+00  0.00000e+00  0.00000e+00
0218  1.19141e+00  1.25000e-01  1.00000e-01  0.00000e+00  0.00000e+00  0.00000e+00
0219  1.19922e+00  1.25000e-01  1.00000e-01  0.00000e+00  0.00000e+00  0.00000e+00
0220  1.20703e+00  1.25000e-01  1.00000e-01  0.00000e+00  0.00000e+00  0.00000e+00
0221  1.21484e+00  1.25000e-01  1.00000e-01  0.00000e+00  0.00000e+00  0.00000e+00
0222  1.22266e+00  1.25000e-01  1.00000e-01  0.00000e+00  0.00000e+00  0.00000e+00
0223  1.23047e+00  1.25000e-01  1.00000e-01  0.00000e+00  0.00000e+00  0.00000e+00
0224  1.23828e+00  1.25000e-01  1.00000e-01  0.00000e+00  0.00000e+00  0.00000e+00
0225  1.24609e+00  1.25000e-01  1.00000e-01  0.00000e+00  0.00000e+00  0.00000e+00
0226  1.25391e+00  1.25000e-01  1.00000e-01  0.00000e+00  0.00000e+00  0.00000e+00
0227  1.26172e+00  1.25000e-01  1.00000e-01  0.00000e+00  0.00000e+00  0.00000e+00
0228  1.26953e+00  1.25000e-01  1.00000e-01  0.00000e+00  0.00000e+00  0.00000e+00
0229  1.27734e+00  1.25000e-01  1.00000e-01  0.00000e+00  0.00000e+00  0.00000e+00
0230  1.28516e+00  1.25000e-01  1.00000e-01  0.00000e+00  0.00000e+00  0.00000e+00
0231  1.29297e+00  1.25000e-01  1.00000e-01  0.00000e+00  0.00000e+00  0.00000e+00
0232  1.30078e+00  1.25000e-01  1.00000e-01  0.00000e+00  0.00000e+00  0.00000e+00
0233  1.30859e+00  1.25000e-01  1.00000e-01  0.00000e+00  0.00000e+00  0.00000e+00
0234  1.31641e+00  1.25000e-01  1.00000e-01  0.00000e+00  0.00000e+00  0.00000e+00
0235  1.32422e+00  1.25000e-01  1.00000e-01  0.00000e+00  0.00000e+00  0.00000e+00
0236  1.33203e+00  1.25000e-01  1.00000e-01  0.00000e+00  0.00000e+00  0.00000e+00
0237  1.33984e+00  1.25000e-01  1.00000e-01  0.00000e+00  0.00000e+00  0.00000e+00
0238  1.34766e+00  1.25000e-01  1.00000e-01  0.00000e+00  0.00000e+00  0.00000e+00
0239  1.35547e+00  1.25000e-01  1.00000e-01  0.00000e+00  0.00000e+00  0.00000e+00
0240  1.36328e+00  1.25000e-01  1.00000e-01  0.00000e+00  0.00000e+00  0.00000e+00
0241  1.37109e+00  1.25000e-01  1.00000e-01  0.00000e+00  0.00000e+00  0.00000e+00
0242  1.37891e+00  1.25000e-01  1.00000e-01  0.00000e+00  0.00000e+00  0.00000e+00
0243  1.38672e+00  1.25000e-01  1.00000e-01  0.00000e+00  0.00000e+00  0.00000e+00
0244  1.39453e+00  1.25000e-01  1.00000e-01  0.00000e+00  0.00000e+00  0.00000e+00
0245  1.40234e+00  1.25000e-01  1.00000e-01  0.00000e+00  0.00000e+00  0.00000e+00
0246  1.41016e+00  1.25000e-01  1.00000e-01  0.00000e+00  0.00000e+00  0.00000e+00
0247  1.41797e+00  1.25000e-01  1.00000e-01  0.00000e+00  0.00000e+00  0.00000e+00
0248  1.42578e+00  1.25000e-01  1.00000e-01  0.00000e+00  0.00000e+00  0.00000e+00
0249  1.43359e+00  1.25000e-01  1.00000e-01  0.00000e+00  0.00000e+00  0.00000e+00
0250  1.44141e+00  1.25000e-01  1.00000e-01  0.00000e+00  0.00000e+00  0.00000e+00
0251  1.44922e+00  1.25000e-01  1.00000e-01  0.00000e+00  0.00000e+00  0.00000e+00
0252  1.45703e+00  1.25000e-01  1.00000e-01  0.00000e+00  0.00000e+00  0.00000e+00
0253  1.46484e+00  1.25000e-01  1.00000e-01  0.00000e+00  0.00000e+00  0.00000e+00
0254  1.47266e+00  1.25000e-01  1.00000e-01  0.00000e+00  0.00000e+00  0.00000e+00
0255  1.48047e+00  1.25000e-01  1.00000e-01  0.00000e+00  0.00000e+00  0.00000e+00
0256  1.48828e+00  1.25000e-01  1.00000e-01  0.00000e+00  0.00000e+00  0.00000e+00
0257  1.49609e+00  1.25000e-01  1.00000e-01  0.00000e+00  0.00000e+00  0.00000e+00
