# Athena++ data at time=2.306465e-01  cycle=80  variables=prim 
# i       x1v         rho          press          vel1         vel2         vel3     
0002 -4.96094e-01  1.00000e+00  1.00000e+00  0.00000e+00  0.00000e+00  0.00000e+00
0003 -4.88281e-01  1.00000e+00  1.00000e+00  0.00000e+00  0.00000e+00  0.00000e+00
0004 -4.80469e-01  1.00000e+00  1.00000e+00  0.00000e+00  0.00000e+00  0.00000e+00
0005 -4.72656e-01  1.00000e+00  1.00000e+00  0.00000e+00  0.00000e+00  0.00000e+00
0006 -4.64844e-01  1.00000e+00  1.00000e+00  0.00000e+00  0.00000e+00  0.00000e+00
0007 -4.57031e-01  1.00000e+00  1.00000e+00  0.00000e+00  0.00000e+00  0.00000e+00
0008 -4.49219e-01  1.00000e+00  1.00000e+00  0.00000e+00  0.00000e+00  0.00000e+00
0009 -4.41406e-01  1.00000e+00  1.00000e+00  0.00000e+00  0.00000e+00  0.00000e+00
0010 -4.33594e-01  1.00000e+00  1.00000e+00  0.00000e+00  0.00000e+00  0.00000e+00
0011 -4.25781e-01  1.00000e+00  1.00000e+00  9.71001e-16  0.00000e+00  0.00000e+00
0012 -4.17969e-01  1.00000e+00  1.00000e+00  1.18947e-14  0.00000e+00  0.00000e+00
0013 -4.10156e-01  1.00000e+00  1.00000e+00  1.15832e-13  0.00000e+00  0.00000e+00
0014 -4.02344e-01  1.00000e+00  1.00000e+00  1.05426e-12  0.00000e+00  0.00000e+00
0015 -3.94531e-01  1.00000e+00  1.00000e+00  8.97207e-12  0.00000e+00  0.00000e+00
0016 -3.86719e-01  1.00000e+00  1.00000e+00  7.14105e-11  0.00000e+00  0.00000e+00
0017 -3.78906e-01  1.00000e+00  1.00000e+00  5.30644e-10  0.00000e+00  0.00000e+00
0018 -3.71094e-01  1.00000e+00  1.00000e+00  3.67109e-09  0.00000e+00  0.00000e+00
0019 -3.63281e-01  1.00000e+00  1.00000e+00  2.35642e-08  0.00000e+00  0.00000e+00
0020 -3.55469e-01  1.00000e+00  1.00000e+00  1.39745e-07  0.00000e+00  0.00000e+00
0021 -3.47656e-01  9.99999e-01  9.99999e-01  7.61699e-07  0.00000e+00  0.00000e+00
0022 -3.39844e-01  9.99997e-01  9.99996e-01  3.79191e-06  0.00000e+00  0.00000e+00
0023 -3.32031e-01  9.99986e-01  9.99980e-01  1.71126e-05  0.00000e+00  0.00000e+00
0024 -3.24219e-01  9.99941e-01  9.99918e-01  6.94116e-05  0.00000e+00  0.00000e+00
0025 -3.16406e-01  9.99788e-01  9.99703e-01  2.50708e-04  0.00000e+00  0.00000e+00
0026 -3.08594e-01  9.99325e-01  9.99055e-01  7.98958e-04  0.00000e+00  0.00000e+00
0027 -3.00781e-01  9.98117e-01  9.97365e-01  2.22928e-03  0.00000e+00  0.00000e+00
0028 -2.92969e-01  9.95424e-01  9.93600e-01  5.42338e-03  0.00000e+00  0.00000e+00
0029 -2.85156e-01  9.90302e-01  9.86452e-01  1.15175e-02  0.00000e+00  0.00000e+00
0030 -2.77344e-01  9.81946e-01  9.74822e-01  2.15156e-02  0.00000e+00  0.00000e+00
0031 -2.69531e-01  9.70076e-01  9.58369e-01  3.58389e-02  0.00000e+00  0.00000e+00
0032 -2.61719e-01  9.55053e-01  9.37659e-01  5.41725e-02  0.00000e+00  0.00000e+00
0033 -2.53906e-01  9.37646e-01  9.13825e-01  7.57064e-02  0.00000e+00  0.00000e+00
0034 -2.46094e-01  9.18691e-01  8.88069e-01  9.95223e-02  0.00000e+00  0.00000e+00
0035 -2.38281e-01  8.98866e-01  8.61354e-01  1.24855e-01  0.00000e+00  0.00000e+00
0036 -2.30469e-01  8.78635e-01  8.34336e-01  1.51169e-01  0.00000e+00  0.00000e+00
0037 -2.22656e-01  8.58294e-01  8.07419e-01  1.78120e-01  0.00000e+00  0.00000e+00
0038 -2.14844e-01  8.38018e-01  7.80841e-01  2.05497e-01  0.00000e+00  0.00000e+00
0039 -2.07031e-01  8.17916e-01  7.54743e-01  2.33167e-01  0.00000e+00  0.00000e+00
0040 -1.99219e-01  7.98056e-01  7.29209e-01  2.61044e-01  0.00000e+00  0.00000e+00
0041 -1.91406e-01  7.78480e-01  7.04289e-01  2.89071e-01  0.00000e+00  0.00000e+00
0042 -1.83594e-01  7.59217e-01  6.80011e-01  3.17204e-01  0.00000e+00  0.00000e+00
0043 -1.75781e-01  7.40287e-01  6.56391e-01  3.45414e-01  0.00000e+00  0.00000e+00
0044 -1.67969e-01  7.21704e-01  6.33437e-01  3.73674e-01  0.00000e+00  0.00000e+00
0045 -1.60156e-01  7.03475e-01  6.11150e-01  4.01967e-01  0.00000e+00  0.00000e+00
0046 -1.52344e-01  6.85606e-01  5.89526e-01  4.30275e-01  0.00000e+00  0.00000e+00
0047 -1.44531e-01  6.68102e-01  5.68560e-01  4.58585e-01  0.00000e+00  0.00000e+00
0048 -1.36719e-01  6.50962e-01  5.48243e-01  4.86885e-01  0.00000e+00  0.00000e+00
0049 -1.28906e-01  6.34188e-01  5.28566e-01  5.15166e-01  0.00000e+00  0.00000e+00
0050 -1.21094e-01  6.17778e-01  5.09516e-01  5.43417e-01  0.00000e+00  0.00000e+00
0051 -1.13281e-01  6.01731e-01  4.91083e-01  5.71629e-01  0.00000e+00  0.00000e+00
0052 -1.05469e-01  5.86045e-01  4.73254e-01  5.99795e-01  0.00000e+00  0.00000e+00
0053 -9.76562e-02  5.70719e-01  4.56016e-01  6.27904e-01  0.00000e+00  0.00000e+00
0054 -8.98438e-02  5.55749e-01  4.39358e-01  6.55948e-01  0.00000e+00  0.00000e+00
0055 -8.20312e-02  5.41137e-01  4.23269e-01  6.83912e-01  0.00000e+00  0.00000e+00
0056 -7.42188e-02  5.26881e-01  4.07740e-01  7.11781e-01  0.00000e+00  0.00000e+00
0057 -6.64062e-02  5.12986e-01  3.92764e-01  7.39532e-01  0.00000e+00  0.00000e+00
0058 -5.85938e-02  4.99460e-01  3.78342e-01  7.67128e-01  0.00000e+00  0.00000e+00
0059 -5.07812e-02  4.86324e-01  3.64483e-01  7.94509e-01  0.00000e+00  0.00000e+00
0060 -4.29688e-02  4.73616e-01  3.51219e-01  8.21562e-01  0.00000e+00  0.00000e+00
0061 -3.51562e-02  4.61432e-01  3.38632e-01  8.48055e-01  0.00000e+00  0.00000e+00
0062 -2.73438e-02  4.49975e-01  3.26922e-01  8.73460e-01  0.00000e+00  0.00000e+00
0063 -1.95312e-02  4.39754e-01  3.16568e-01  8.96591e-01  0.00000e+00  0.00000e+00
0064 -1.17188e-02  4.31733e-01  3.08487e-01  9.15003e-01  0.00000e+00  0.00000e+00
0065 -3.90625e-03  4.27035e-01  3.03904e-01  9.25820e-01  0.00000e+00  0.00000e+00
0066  3.90625e-03  4.25853e-01  3.02545e-01  9.28762e-01  0.00000e+00  0.00000e+00
0067  1.17188e-02  4.25791e-01  3.02575e-01  9.28905e-01  0.00000e+00  0.00000e+00
0068  1.95312e-02  4.25894e-01  3.02665e-01  9.28584e-01  0.00000e+00  0.00000e+00
0069  2.73438e-02  4.25763e-01  3.02546e-01  9.28926e-01  0.00000e+00  0.00000e+00
0070  3.51562e-02  4.25875e-01  3.02665e-01  9.28617e-01  0.00000e+00  0.00000e+00
0071  4.29688e-02  4.25862e-01  3.02660e-01  9.28649e-01  0.00000e+00  0.00000e+00
0072  5.07812e-02  4.25966e-01  3.02770e-01  9.28381e-01  0.00000e+00  0.00000e+00
0073  5.85938e-02  4.26009e-01  3.02816e-01  9.28282e-01  0.00000e+00  0.00000e+00
0074  6.64062e-02  4.26069e-01  3.02879e-01  9.28134e-01  0.00000e+00  0.00000e+00
0075  7.42188e-02  4.26124e-01  3.02917e-01  9.28051e-01  0.00000e+00  0.00000e+00
0076  8.20312e-02  4.26203e-01  3.02952e-01  9.27970e-01  0.00000e+00  0.00000e+00
0077  8.98438e-02  4.26278e-01  3.02979e-01  9.27912e-01  0.00000e+00  0.00000e+00
0078  9.76562e-02  4.26298e-01  3.03001e-01  9.27864e-01  0.00000e+00  0.00000e+00
0079  1.05469e-01  4.26293e-01  3.03018e-01  9.27829e-01  0.00000e+00  0.00000e+00
0080  1.13281e-01  4.26263e-01  3.03031e-01  9.27802e-01  0.00000e+00  0.00000e+00
0081  1.21094e-01  4.26147e-01  3.03042e-01  9.27783e-01  0.00000e+00  0.00000e+00
0082  1.28906e-01  4.25967e-01  3.03051e-01  9.27767e-01  0.00000e+00  0.00000e+00
0083  1.36719e-01  4.25909e-01  3.03059e-01  9.27753e-01  0.00000e+00  0.00000e+00
0084  1.44531e-01  4.25929e-01  3.03067e-01  9.27741e-01  0.00000e+00  0.00000e+00
0085  1.52344e-01  4.26072e-01  3.03075e-01  9.27730e-01  0.00000e+00  0.00000e+00
0086  1.60156e-01  4.26184e-01  3.03082e-01  9.27720e-01  0.00000e+00  0.00000e+00
0087  1.67969e-01  4.26152e-01  3.03090e-01  9.27712e-01  0.00000e+00  0.00000e+00
0088  1.75781e-01  4.25760e-01  3.03097e-01  9.27704e-01  0.00000e+00  0.00000e+00
0089  1.83594e-01  4.23716e-01  3.03104e-01  9.27696e-01  0.00000e+00  0.00000e+00
0090  1.91406e-01  4.16935e-01  3.03111e-01  9.27689e-01  0.00000e+00  0.00000e+00
0091  1.99219e-01  4.00403e-01  3.03118e-01  9.27683e-01  0.00000e+00  0.00000e+00
0092  2.07031e-01  3.70628e-01  3.03125e-01  9.27678e-01  0.00000e+00  0.00000e+00
0093  2.14844e-01  3.32246e-01  3.03131e-01  9.27675e-01  0.00000e+00  0.00000e+00
0094  2.22656e-01  2.97842e-01  3.03136e-01  9.27672e-01  0.00000e+00  0.00000e+00
0095  2.30469e-01  2.76509e-01  3.03141e-01  9.27669e-01  0.00000e+00  0.00000e+00
0096  2.38281e-01  2.67297e-01  3.03146e-01  9.27668e-01  0.00000e+00  0.00000e+00
0097  2.46094e-01  2.64589e-01  3.03150e-01  9.27666e-01  0.00000e+00  0.00000e+00
0098  2.53906e-01  2.64149e-01  3.03153e-01  9.27665e-01  0.00000e+00  0.00000e+00
0099  2.61719e-01  2.64172e-01  3.03157e-01  9.27664e-01  0.00000e+00  0.00000e+00
0100  2.69531e-01  2.64359e-01  3.03161e-01  9.27664e-01  0.00000e+00  0.00000e+00
0101  2.77344e-01  2.64841e-01  3.03165e-01  9.27666e-01  0.00000e+00  0.00000e+00
0102  2.85156e-01  2.65244e-01  3.03168e-01  9.27668e-01  0.00000e+00  0.00000e+00
0103  2.92969e-01  2.65413e-01  3.03173e-01  9.27673e-01  0.00000e+00  0.00000e+00
0104  3.00781e-01  2.65454e-01  3.03178e-01  9.27681e-01  0.00000e+00  0.00000e+00
0105  3.08594e-01  2.65461e-01  3.03184e-01  9.27694e-01  0.00000e+00  0.00000e+00
0106  3.16406e-01  2.65464e-01  3.03193e-01  9.27713e-01  0.00000e+00  0.00000e+00
0107  3.24219e-01  2.65470e-01  3.03204e-01  9.27740e-01  0.00000e+00  0.00000e+00
0108  3.32031e-01  2.65486e-01  3.03216e-01  9.27772e-01  0.00000e+00  0.00000e+00
0109  3.39844e-01  2.65514e-01  3.03228e-01  9.27802e-01  0.00000e+00  0.00000e+00
0110  3.47656e-01  2.65547e-01  3.03240e-01  9.27835e-01  0.00000e+00  0.00000e+00
0111  3.55469e-01  2.65583e-01  3.03258e-01  9.27887e-01  0.00000e+00  0.00000e+00
0112  3.63281e-01  2.65617e-01  3.03287e-01  9.27969e-01  0.00000e+00  0.00000e+00
0113  3.71094e-01  2.65640e-01  3.03300e-01  9.28007e-01  0.00000e+00  0.00000e+00
0114  3.78906e-01  2.65645e-01  3.03302e-01  9.28006e-01  0.00000e+00  0.00000e+00
0115  3.86719e-01  2.65478e-01  3.03009e-01  9.27136e-01  0.00000e+00  0.00000e+00
0116  3.94531e-01  2.59762e-01  2.93941e-01  8.99387e-01  0.00000e+00  0.00000e+00
0117  4.02344e-01  2.20990e-01  2.34107e-01  6.94376e-01  0.00000e+00  0.00000e+00
0118  4.10156e-01  1.56892e-01  1.40565e-01  2.64595e-01  0.00000e+00  0.00000e+00
0119  4.17969e-01  1.28411e-01  1.03893e-01  2.89264e-02  0.00000e+00  0.00000e+00
0120  4.25781e-01  1.25125e-01  1.00140e-01  1.05523e-03  0.00000e+00  0.00000e+00
0121  4.33594e-01  1.25003e-01  1.00003e-01  2.12619e-05  0.00000e+00  0.00000e+00
0122  4.41406e-01  1.25000e-01  1.00000e-01  2.88021e-07  0.00000e+00  0.00000e+00
0123  4.49219e-01  1.25000e-01  1.00000e-01  2.92938e-09  0.00000e+00  0.00000e+00
0124  4.57031e-01  1.25000e-01  1.00000e-01  2.53580e-11  0.00000e+00  0.00000e+00
0125  4.64844e-01  1.25000e-01  1.00000e-01  1.92420e-13  0.00000e+00  0.00000e+00
0126  4.72656e-01  1.25000e-01  1.00000e-01  1.25421e-15  0.00000e+00  0.00000e+00
0127  4.80469e-01  1.25000e-01  1.00000e-01  0.00000e+00  0.00000e+00  0.00000e+00
0128  4.88281e-01  1.25000e-01  1.00000e-01  0.00000e+00  0.00000e+00  0.00000e+00
0129  4.96094e-01  1.25000e-01  1.00000e-01  0.00000e+00  0.00000e+00  0.00000e+00
0130  5.03906e-01  4.82850e-01  1.00000e-01  0.00000e+00  0.00000e+00  0.00000e+00
0131  5.11719e-01  4.89677e-01  1.00000e-01  0.00000e+00  0.00000e+00  0.00000e+00
0132  5.19531e-01  4.96473e-01  1.00000e-01  0.00000e+00  0.00000e+00  0.00000e+00
0133  5.27344e-01  5.03240e-01  1.00000e-01  5.06174e-17  0.00000e+00  0.00000e+00
0134  5.35156e-01  5.09975e-01  1.00000e-01 -1.01633e-16  0.00000e+00  0.00000e+00
0135  5.42969e-01  5.16680e-01  1.00000e-01 -5.72939e-17  0.00000e+00  0.00000e+00
0136  5.50781e-01  5.23353e-01  1.00000e-01  2.86985e-17  0.00000e+00  0.00000e+00
0137  5.58594e-01  5.29994e-01  1.00000e-01  1.16078e-17  0.00000e+00  0.00000e+00
0138  5.66406e-01  5.36603e-01  1.00000e-01  8.30069e-17  0.00000e+00  0.00000e+00
0139  5.74219e-01  5.43179e-01  1.00000e-01 -1.79552e-17  0.00000e+00  0.00000e+00
0140  5.82031e-01  5.49722e-01  1.00000e-01  0.00000e+00  0.00000e+00  0.00000e+00
0141  5.89844e-01  5.56231e-01  1.00000e-01  0.00000e+00  0.00000e+00  0.00000e+00
0142  5.97656e-01  5.62707e-01  1.00000e-01  0.00000e+00  0.00000e+00  0.00000e+00
0143  6.05469e-01  5.69148e-01  1.00000e-01 -9.03856e-17  0.00000e+00  0.00000e+00
0144  6.13281e-01  5.75554e-01  1.00000e-01 -2.53772e-17  0.00000e+00  0.00000e+00
0145  6.21094e-01  5.81925e-01  1.00000e-01  1.22101e-16  0.00000e+00  0.00000e+00
0146  6.28906e-01  5.88261e-01  1.00000e-01  2.63671e-17  0.00000e+00  0.00000e+00
0147  6.36719e-01  5.94560e-01  1.00000e-01 -8.70084e-17  0.00000e+00  0.00000e+00
0148  6.44531e-01  6.00824e-01  1.00000e-01 -6.76861e-18  0.00000e+00  0.00000e+00
0149  6.52344e-01  6.07051e-01  1.00000e-01  5.81214e-17  0.00000e+00  0.00000e+00
0150  6.60156e-01  6.13240e-01  1.00000e-01  9.43860e-18  0.00000e+00  0.00000e+00
0151  6.67969e-01  6.19393e-01  1.00000e-01  8.74402e-17  0.00000e+00  0.00000e+00
0152  6.75781e-01  6.25507e-01  1.00000e-01  9.87164e-18  0.00000e+00  0.00000e+00
0153  6.83594e-01  6.31583e-01  1.00000e-01  1.18613e-16  0.00000e+00  0.00000e+00
0154  6.91406e-01  6.37621e-01  1.00000e-01  7.16184e-17  0.00000e+00  0.00000e+00
0155  6.99219e-01  6.43620e-01  1.00000e-01  1.25350e-16  0.00000e+00  0.00000e+00
0156  7.07031e-01  6.49580e-01  1.00000e-01  7.14957e-17  0.00000e+00  0.00000e+00
0157  7.14844e-01  6.55499e-01  1.00000e-01 -6.17028e-17  0.00000e+00  0.00000e+00
0158  7.22656e-01  6.61379e-01  1.00000e-01 -1.68810e-16  0.00000e+00  0.00000e+00
0159  7.30469e-01  6.67219e-01  1.00000e-01 -1.81088e-16  0.00000e+00  0.00000e+00
0160  7.38281e-01  6.73018e-01  1.00000e-01 -3.83112e-17  0.00000e+00  0.00000e+00
0161  7.46094e-01  6.78775e-01  1.00000e-01  2.21630e-17  0.00000e+00  0.00000e+00
0162  7.53906e-01  6.84492e-01  1.00000e-01 -3.66837e-17  0.00000e+00  0.00000e+00
0163  7.61719e-01  6.90166e-01  1.00000e-01 -7.32241e-18  0.00000e+00  0.00000e+00
0164  7.69531e-01  6.95799e-01  1.00000e-01  0.00000e+00  0.00000e+00  0.00000e+00
0165  7.77344e-01  7.01389e-01  1.00000e-01 -4.21280e-17  0.00000e+00  0.00000e+00
0166  7.85156e-01  7.06936e-01  1.00000e-01  3.22317e-17  0.00000e+00  0.00000e+00
0167  7.92969e-01  7.12440e-01  1.00000e-01  6.03287e-17  0.00000e+00  0.00000e+00
0168  8.00781e-01  7.17900e-01  1.00000e-01 -1.45905e-17  0.00000e+00  0.00000e+00
0169  8.08594e-01  7.23317e-01  1.00000e-01 -5.60352e-17  0.00000e+00  0.00000e+00
0170  8.16406e-01  7.28689e-01  1.00000e-01 -1.47673e-17  0.00000e+00  0.00000e+00
0171  8.24219e-01  7.34017e-01  1.00000e-01  3.48062e-17  0.00000e+00  0.00000e+00
0172  8.32031e-01  7.39301e-01  1.00000e-01 -1.38391e-18  0.00000e+00  0.00000e+00
0173  8.39844e-01  7.44539e-01  1.00000e-01 -1.08737e-16  0.00000e+00  0.00000e+00
0174  8.47656e-01  7.49732e-01  1.00000e-01 -3.33331e-17  0.00000e+00  0.00000e+00
0175  8.55469e-01  7.54878e-01  1.00000e-01  8.01232e-17  0.00000e+00  0.00000e+00
0176  8.63281e-01  7.59979e-01  1.00000e-01  4.88262e-17  0.00000e+00  0.00000e+00
0177  8.71094e-01  7.65034e-01  1.00000e-01  4.51904e-17  0.00000e+00  0.00000e+00
0178  8.78906e-01  7.70042e-01  1.00000e-01 -3.92075e-17  0.00000e+00  0.00000e+00
0179  8.86719e-01  7.75002e-01  1.00000e-01 -6.49249e-17  0.00000e+00  0.00000e+00
0180  8.94531e-01  7.79916e-01  1.00000e-01  5.63192e-17  0.00000e+00  0.00000e+00
0181  9.02344e-01  7.84782e-01  1.00000e-01  6.08473e-17  0.00000e+00  0.00000e+00
0182  9.10156e-01  7.89600e-01  1.00000e-01 -2.71262e-17  0.00000e+00  0.00000e+00
0183  9.17969e-01  7.94369e-01  1.00000e-01 -1.88047e-17  0.00000e+00  0.00000e+00
0184  9.25781e-01  7.99091e-01  1.00000e-01  0.00000e+00  0.00000e+00  0.00000e+00
0185  9.33594e-01  8.03763e-01  1.00000e-01  6.96875e-17  0.00000e+00  0.00000e+00
0186  9.41406e-01  8.08387e-01  1.00000e-01  4.33439e-17  0.00000e+00  0.00000e+00
0187  9.49219e-01  8.12961e-01  1.00000e-01 -5.57332e-17  0.00000e+00  0.00000e+00
0188  9.57031e-01  8.17485e-01  1.00000e-01 -1.94461e-17  0.00000e+00  0.00000e+00
0189  9.64844e-01  8.21960e-01  1.00000e-01 -3.63098e-17  0.00000e+00  0.00000e+00
0190  9.72656e-01  8.26384e-01  1.00000e-01 -4.30263e-17  0.00000e+00  0.00000e+00
0191  9.80469e-01  8.30758e-01  1.00000e-01  3.00190e-17  0.00000e+00  0.00000e+00
0192  9.88281e-01  8.35082e-01  1.00000e-01  1.27146e-17  0.00000e+00  0.00000e+00
0193  9.96094e-01  8.39354e-01  1.00000e-01  0.00000e+00  0.00000e+00  0.00000e+00
0194  1.00391e+00  1.25000e-01  1.00000e-01  0.00000e+00  0.00000e+00  0.00000e+00
0195  1.01172e+00  1.25000e-01  1.00000e-01  0.00000e+00  0.00000e+00  0.00000e+00
0196  1.01953e+00  1.25000e-01  1.00000e-01  0.00000e+00  0.00000e+00  0.00000e+00
0197  1.02734e+00  1.25000e-01  1.00000e-01  0.00000e+00  0.00000e+00  0.00000e+00
0198  1.03516e+00  1.25000e-01  1.00000e-01  0.00000e+00  0.00000e+00  0.00000e+00
0199  1.04297e+00  1.25000e-01  1.00000e-01  0.00000e+00  0.00000e+00  0.00000e+00
0200  1.05078e+00  1.25000e-01  1.00000e-01  0.00000e+00  0.00000e+00  0.00000e+00
0201  1.05859e+00  1.25000e-01  1.00000e-01  0.00000e+00  0.00000e+00  0.00000e+00
0202  1.06641e+00  1.25000e-01  1.00000e-01  0.00000e+00  0.00000e+00  0.00000e+00
0203  1.07422e+00  1.25000e-01  1.00000e-01  0.00000e+00  0.00000e+00  0.00000e+00
0204  1.08203e+00  1.25000e-01  1.00000e-01  0.00000e+00  0.00000e+00  0.00000e+00
0205  1.08984e+00  1.25000e-01  1.00000e-01  0.00000e+00  0.00000e+00  0.00000e+00
0206  1.09766e+00  1.25000e-01  1.00000e-01  0.00000e+00  0.00000e+00  0.00000e+00
0207  1.10547e+00  1.25000e-01  1.00000e-01  0.00000e+00  0.00000e+00  0.00000e+00
0208  1.11328e+00  1.25000e-01  1.00000e-01  0.00000e+00  0.00000e+00  0.00000e+00
0209  1.12109e+00  1.25000e-01  1.00000e-01  0.00000e+00  0.00000e+00  0.00000e+00
0210  1.12891e+00  1.25000e-01  1.00000e-01  0.00000e+00  0.00000e+00  0.00000e+00
0211  1.13672e+00  1.25000e-01  1.00000e-01  0.00000e+00  0.00000e+00  0.00000e+00
0212  1.14453e+00  1.25000e-01  1.00000e-01  0.00000e+00  0.00000e+00  0.00000e+00
0213  1.15234e+00  1.25000e-01  1.00000e-01  0.00000e+00  0.00000e+00  0.00000e+00
0214  1.16016e+00  1.25000e-01  1.00000e-01  0.00000e+00  0.00000e+00  0.00000e+00
0215  1.16797e+00  1.25000e-01  1.00000e-01  0.00000e+00  0.00000e+00  0.00000e+00
0216  1.17578e+00  1.25000e-01  1.00000e-01  0.00000e+00  0.00000e+00  0.00000e+00
0217  1.18359e+00  1.25000e-01  1.00000e-01  0.00000e+00  0.00000e+00  0.00000e+00
0218  1.19141e+00  1.25000e-01  1.00000e-01  0.00000e+00  0.00000e+00  0.00000e+00
0219  1.19922e+00  1.25000e-01  1.00000e-01  0.00000e+00  0.00000e+00  0.00000e+00
0220  1.20703e+00  1.25000e-01  1.00000e-01  0.00000e+00  0.00000e+00  0.00000e+00
0221  1.21484e+00  1.25000e-01  1.00000e-01  0.00000e+00  0.00000e+00  0.00000e+00
0222  1.22266e+00  1.25000e-01  1.00000e-01  0.00000e+00  0.00000e+00  0.00000e+00
0223  1.23047e+00  1.25000e-01  1.00000e-01  0.00000e+00  0.00000e+00  0.00000e+00
0224  1.23828e+00  1.25000e-01  1.00000e-01  0.00000e+00  0.00000e+00  0.00000e+00
0225  1.24609e+00  1.25000e-01  1.00000e-01  0.00000e+00  0.00000e+00  0.00000e+00
0226  1.25391e+00  1.25000e-01  1.00000e-01  0.00000e+00  0.00000e+00  0.00000e+00
0227  1.26172e+00  1.25000e-01  1.00000e-01  0.00000e+00  0.00000e+00  0.00000e+00
0228  1.26953e+00  1.25000e-01  1.00000e-01  0.00000e+00  0.00000e+00  0.00000e+00
0229  1.27734e+00  1.25000e-01  1.00000e-01  0.00000e+00  0.00000e+00  0.00000e+00
0230  1.28516e+00  1.25000e-01  1.00000e-01  0.00000e+00  0.00000e+00  0.00000e+00
0231  1.29297e+00  1.25000e-01  1.00000e-01  0.00000e+00  0.00000e+00  0.00000e+00
0232  1.30078e+00  1.25000e-01  1.00000e-01  0.00000e+00  0.00000e+00  0.00000e+00
0233  1.30859e+00  1.25000e-01  1.00000e-01  0.00000e+00  0.00000e+00  0.00000e+00
0234  1.31641e+00  1.25000e-01  1.00000e-01  0.00000e+00  0.00000e+00  0.00000e+00
0235  1.32422e+00  1.25000e-01  1.00000e-01  0.00000e+00  0.00000e+00  0.00000e+00
0236  1.33203e+00  1.25000e-01  1.00000e-01  0.00000e+00  0.00000e+00  0.00000e+00
0237  1.33984e+00  1.25000e-01  1.00000e-01  0.00000e+00  0.00000e+00  0.00000e+00
0238  1.34766e+00  1.25000e-01  1.00000e-01  0.00000e+00  0.00000e+00  0.00000e+00
0239  1.35547e+00  1.25000e-01  1.00000e-01  0.00000e+00  0.00000e+00  0.00000e+00
0240  1.36328e+00  1.25000e-01  1.00000e-01  0.00000e+00  0.00000e+00  0.00000e+00
0241  1.37109e+00  1.25000e-01  1.00000e-01  0.00000e+00  0.00000e+00  0.00000e+00
0242  1.37891e+00  1.25000e-01  1.00000e-01  0.00000e+00  0.00000e+00  0.00000e+00
0243  1.38672e+00  1.25000e-01  1.00000e-01  0.00000e+00  0.00000e+00  0.00000e+00
0244  1.39453e+00  1.25000e-01  1.00000e-01  0.00000e+00  0.00000e+00  0.00000e+00
0245  1.40234e+00  1.25000e-01  1.00000e-01  0.00000e+00  0.00000e+00  0.00000e+00
0246  1.41016e+00  1.25000e-01  1.00000e-01  0.00000e+00  0.00000e+00  0.00000e+00
0247  1.41797e+00  1.25000e-01  1.00000e-01  0.00000e+00  0.00000e+00  0.00000e+00
0248  1.42578e+00  1.25000e-01  1.00000e-01  0.00000e+00  0.00000e+00  0.00000e+00
0249  1.43359e+00  1.25000e-01  1.00000e-01  0.00000e+00  0.00000e+00  0.00000e+00
0250  1.44141e+00  1.25000e-01  1.00000e-01  0.00000e+00  0.00000e+00  0.00000e+00
0251  1.44922e+00  1.25000e-01  1.00000e-01  0.00000e+00  0.00000e+00  0.00000e+00
0252  1.45703e+00  1.25000e-01  1.00000e-01  0.00000e+00  0.00000e+00  0.00000e+00
0253  1.46484e+00  1.25000e-01  1.00000e-01  0.00000e+00  0.00000e+00  0.00000e+00
0254  1.47266e+00  1.25000e-01  1.00000e-01  0.00000e+00  0.00000e+00  0.00000e+00
0255  1.48047e+00  1.25000e-01  1.00000e-01  0.00000e+00  0.00000e+00  0.00000e+00
0256  1.48828e+00  1.25000e-01  1.00000e-01  0.00000e+00  0.00000e+00  0.00000e+00
0257  1.49609e+00  1.25000e-01  1.00000e-01  0.00000e+00  0.00000e+00  0.00000e+00
