# Athena++ data at time=2.221056e-01  cycle=77  variables=prim 
# i       x1v         rho          press          vel1         vel2         vel3     
0002 -4.96094e-01  1.00000e+00  1.00000e+00  0.00000e+00  0.00000e+00  0.00000e+00
0003 -4.88281e-01  1.00000e+00  1.00000e+00  0.00000e+00  0.00000e+00  0.00000e+00
0004 -4.80469e-01  1.00000e+00  1.00000e+00  0.00000e+00  0.00000e+00  0.00000e+00
0005 -4.72656e-01  1.00000e+00  1.00000e+00  0.00000e+00  0.00000e+00  0.00000e+00
0006 -4.64844e-01  1.00000e+00  1.00000e+00  0.00000e+00  0.00000e+00  0.00000e+00
0007 -4.57031e-01  1.00000e+00  1.00000e+00  0.00000e+00  0.00000e+00  0.00000e+00
0008 -4.49219e-01  1.00000e+00  1.00000e+00  0.00000e+00  0.00000e+00  0.00000e+00
0009 -4.41406e-01  1.00000e+00  1.00000e+00  0.00000e+00  0.00000e+00  0.00000e+00
0010 -4.33594e-01  1.00000e+00  1.00000e+00  0.00000e+00  0.00000e+00  0.00000e+00
0011 -4.25781e-01  1.00000e+00  1.00000e+00  0.00000e+00  0.00000e+00  0.00000e+00
0012 -4.17969e-01  1.00000e+00  1.00000e+00  1.61823e-16  0.00000e+00  0.00000e+00
0013 -4.10156e-01  1.00000e+00  1.00000e+00  3.76238e-15  0.00000e+00  0.00000e+00
0014 -4.02344e-01  1.00000e+00  1.00000e+00  3.95656e-14  0.00000e+00  0.00000e+00
0015 -3.94531e-01  1.00000e+00  1.00000e+00  3.84449e-13  0.00000e+00  0.00000e+00
0016 -3.86719e-01  1.00000e+00  1.00000e+00  3.45340e-12  0.00000e+00  0.00000e+00
0017 -3.78906e-01  1.00000e+00  1.00000e+00  2.90099e-11  0.00000e+00  0.00000e+00
0018 -3.71094e-01  1.00000e+00  1.00000e+00  2.27302e-10  0.00000e+00  0.00000e+00
0019 -3.63281e-01  1.00000e+00  1.00000e+00  1.65701e-09  0.00000e+00  0.00000e+00
0020 -3.55469e-01  1.00000e+00  1.00000e+00  1.12032e-08  0.00000e+00  0.00000e+00
0021 -3.47656e-01  1.00000e+00  1.00000e+00  6.99742e-08  0.00000e+00  0.00000e+00
0022 -3.39844e-01  1.00000e+00  1.00000e+00  4.01791e-07  0.00000e+00  0.00000e+00
0023 -3.32031e-01  9.99998e-01  9.99998e-01  2.10835e-06  0.00000e+00  0.00000e+00
0024 -3.24219e-01  9.99992e-01  9.99988e-01  1.00383e-05  0.00000e+00  0.00000e+00
0025 -3.16406e-01  9.99964e-01  9.99949e-01  4.30074e-05  0.00000e+00  0.00000e+00
0026 -3.08594e-01  9.99861e-01  9.99806e-01  1.64272e-04  0.00000e+00  0.00000e+00
0027 -3.00781e-01  9.99532e-01  9.99345e-01  5.54090e-04  0.00000e+00  0.00000e+00
0028 -2.92969e-01  9.98618e-01  9.98065e-01  1.63632e-03  0.00000e+00  0.00000e+00
0029 -2.85156e-01  9.96449e-01  9.95033e-01  4.20680e-03  0.00000e+00  0.00000e+00
0030 -2.77344e-01  9.92073e-01  9.88921e-01  9.40794e-03  0.00000e+00  0.00000e+00
0031 -2.69531e-01  9.84539e-01  9.78426e-01  1.84057e-02  0.00000e+00  0.00000e+00
0032 -2.61719e-01  9.73340e-01  9.62886e-01  3.18855e-02  0.00000e+00  0.00000e+00
0033 -2.53906e-01  9.58659e-01  9.42619e-01  4.97507e-02  0.00000e+00  0.00000e+00
0034 -2.46094e-01  9.41218e-01  9.18703e-01  7.12619e-02  0.00000e+00  0.00000e+00
0035 -2.38281e-01  9.21917e-01  8.92439e-01  9.54425e-02  0.00000e+00  0.00000e+00
0036 -2.30469e-01  9.01536e-01  8.64941e-01  1.21419e-01  0.00000e+00  0.00000e+00
0037 -2.22656e-01  8.80631e-01  8.36992e-01  1.48555e-01  0.00000e+00  0.00000e+00
0038 -2.14844e-01  8.59556e-01  8.09083e-01  1.76437e-01  0.00000e+00  0.00000e+00
0039 -2.07031e-01  8.38525e-01  7.81503e-01  2.04810e-01  0.00000e+00  0.00000e+00
0040 -1.99219e-01  8.17668e-01  7.54423e-01  2.33517e-01  0.00000e+00  0.00000e+00
0041 -1.91406e-01  7.97064e-01  7.27941e-01  2.62457e-01  0.00000e+00  0.00000e+00
0042 -1.83594e-01  7.76763e-01  7.02116e-01  2.91561e-01  0.00000e+00  0.00000e+00
0043 -1.75781e-01  7.56799e-01  6.76981e-01  3.20783e-01  0.00000e+00  0.00000e+00
0044 -1.67969e-01  7.37194e-01  6.52554e-01  3.50085e-01  0.00000e+00  0.00000e+00
0045 -1.60156e-01  7.17962e-01  6.28844e-01  3.79442e-01  0.00000e+00  0.00000e+00
0046 -1.52344e-01  6.99114e-01  6.05852e-01  4.08830e-01  0.00000e+00  0.00000e+00
0047 -1.44531e-01  6.80655e-01  5.83574e-01  4.38232e-01  0.00000e+00  0.00000e+00
0048 -1.36719e-01  6.62589e-01  5.62002e-01  4.67632e-01  0.00000e+00  0.00000e+00
0049 -1.28906e-01  6.44917e-01  5.41128e-01  4.97018e-01  0.00000e+00  0.00000e+00
0050 -1.21094e-01  6.27640e-01  5.20940e-01  5.26377e-01  0.00000e+00  0.00000e+00
0051 -1.13281e-01  6.10755e-01  5.01425e-01  5.55700e-01  0.00000e+00  0.00000e+00
0052 -1.05469e-01  5.94263e-01  4.82571e-01  5.84976e-01  0.00000e+00  0.00000e+00
0053 -9.76562e-02  5.78160e-01  4.64362e-01  6.14194e-01  0.00000e+00  0.00000e+00
0054 -8.98438e-02  5.62444e-01  4.46786e-01  6.43343e-01  0.00000e+00  0.00000e+00
0055 -8.20312e-02  5.47115e-01  4.29830e-01  6.72411e-01  0.00000e+00  0.00000e+00
0056 -7.42188e-02  5.32172e-01  4.13483e-01  7.01381e-01  0.00000e+00  0.00000e+00
0057 -6.64062e-02  5.17617e-01  3.97737e-01  7.30229e-01  0.00000e+00  0.00000e+00
0058 -5.85938e-02  5.03460e-01  3.82590e-01  7.58919e-01  0.00000e+00  0.00000e+00
0059 -5.07812e-02  4.89718e-01  3.68049e-01  7.87391e-01  0.00000e+00  0.00000e+00
0060 -4.29688e-02  4.76430e-01  3.54143e-01  8.15534e-01  0.00000e+00  0.00000e+00
0061 -3.51562e-02  4.63688e-01  3.40951e-01  8.43123e-01  0.00000e+00  0.00000e+00
0062 -2.73438e-02  4.51683e-01  3.28664e-01  8.69643e-01  0.00000e+00  0.00000e+00
0063 -1.95312e-02  4.40935e-01  3.17749e-01  8.93933e-01  0.00000e+00  0.00000e+00
0064 -1.17188e-02  4.32348e-01  3.09127e-01  9.13537e-01  0.00000e+00  0.00000e+00
0065 -3.90625e-03  4.27266e-01  3.04100e-01  9.25358e-01  0.00000e+00  0.00000e+00
0066  3.90625e-03  4.25859e-01  3.02550e-01  9.28760e-01  0.00000e+00  0.00000e+00
0067  1.17188e-02  4.25779e-01  3.02567e-01  9.28928e-01  0.00000e+00  0.00000e+00
0068  1.95312e-02  4.25900e-01  3.02677e-01  9.28562e-01  0.00000e+00  0.00000e+00
0069  2.73438e-02  4.25746e-01  3.02537e-01  9.28952e-01  0.00000e+00  0.00000e+00
0070  3.51562e-02  4.25868e-01  3.02667e-01  9.28618e-01  0.00000e+00  0.00000e+00
0071  4.29688e-02  4.25850e-01  3.02655e-01  9.28667e-01  0.00000e+00  0.00000e+00
0072  5.07812e-02  4.25957e-01  3.02768e-01  9.28393e-01  0.00000e+00  0.00000e+00
0073  5.85938e-02  4.26007e-01  3.02813e-01  9.28297e-01  0.00000e+00  0.00000e+00
0074  6.64062e-02  4.26082e-01  3.02877e-01  9.28145e-01  0.00000e+00  0.00000e+00
0075  7.42188e-02  4.26161e-01  3.02916e-01  9.28062e-01  0.00000e+00  0.00000e+00
0076  8.20312e-02  4.26252e-01  3.02952e-01  9.27980e-01  0.00000e+00  0.00000e+00
0077  8.98438e-02  4.26282e-01  3.02979e-01  9.27921e-01  0.00000e+00  0.00000e+00
0078  9.76562e-02  4.26279e-01  3.03002e-01  9.27872e-01  0.00000e+00  0.00000e+00
0079  1.05469e-01  4.26256e-01  3.03019e-01  9.27837e-01  0.00000e+00  0.00000e+00
0080  1.13281e-01  4.26148e-01  3.03033e-01  9.27810e-01  0.00000e+00  0.00000e+00
0081  1.21094e-01  4.25957e-01  3.03044e-01  9.27790e-01  0.00000e+00  0.00000e+00
0082  1.28906e-01  4.25882e-01  3.03053e-01  9.27775e-01  0.00000e+00  0.00000e+00
0083  1.36719e-01  4.25901e-01  3.03062e-01  9.27762e-01  0.00000e+00  0.00000e+00
0084  1.44531e-01  4.26055e-01  3.03070e-01  9.27750e-01  0.00000e+00  0.00000e+00
0085  1.52344e-01  4.26216e-01  3.03078e-01  9.27740e-01  0.00000e+00  0.00000e+00
0086  1.60156e-01  4.26191e-01  3.03086e-01  9.27730e-01  0.00000e+00  0.00000e+00
0087  1.67969e-01  4.25844e-01  3.03093e-01  9.27722e-01  0.00000e+00  0.00000e+00
0088  1.75781e-01  4.23879e-01  3.03101e-01  9.27715e-01  0.00000e+00  0.00000e+00
0089  1.83594e-01  4.17158e-01  3.03108e-01  9.27708e-01  0.00000e+00  0.00000e+00
0090  1.91406e-01  4.00517e-01  3.03116e-01  9.27702e-01  0.00000e+00  0.00000e+00
0091  1.99219e-01  3.70352e-01  3.03123e-01  9.27698e-01  0.00000e+00  0.00000e+00
0092  2.07031e-01  3.31515e-01  3.03130e-01  9.27694e-01  0.00000e+00  0.00000e+00
0093  2.14844e-01  2.96991e-01  3.03135e-01  9.27691e-01  0.00000e+00  0.00000e+00
0094  2.22656e-01  2.75916e-01  3.03140e-01  9.27688e-01  0.00000e+00  0.00000e+00
0095  2.30469e-01  2.66995e-01  3.03145e-01  9.27685e-01  0.00000e+00  0.00000e+00
0096  2.38281e-01  2.64468e-01  3.03149e-01  9.27682e-01  0.00000e+00  0.00000e+00
0097  2.46094e-01  2.64093e-01  3.03153e-01  9.27681e-01  0.00000e+00  0.00000e+00
0098  2.53906e-01  2.64123e-01  3.03157e-01  9.27680e-01  0.00000e+00  0.00000e+00
0099  2.61719e-01  2.64354e-01  3.03161e-01  9.27681e-01  0.00000e+00  0.00000e+00
0100  2.69531e-01  2.64869e-01  3.03166e-01  9.27683e-01  0.00000e+00  0.00000e+00
0101  2.77344e-01  2.65268e-01  3.03171e-01  9.27688e-01  0.00000e+00  0.00000e+00
0102  2.85156e-01  2.65425e-01  3.03177e-01  9.27696e-01  0.00000e+00  0.00000e+00
0103  2.92969e-01  2.65461e-01  3.03184e-01  9.27710e-01  0.00000e+00  0.00000e+00
0104  3.00781e-01  2.65468e-01  3.03194e-01  9.27731e-01  0.00000e+00  0.00000e+00
0105  3.08594e-01  2.65471e-01  3.03206e-01  9.27760e-01  0.00000e+00  0.00000e+00
0106  3.16406e-01  2.65479e-01  3.03219e-01  9.27793e-01  0.00000e+00  0.00000e+00
0107  3.24219e-01  2.65495e-01  3.03231e-01  9.27824e-01  0.00000e+00  0.00000e+00
0108  3.32031e-01  2.65524e-01  3.03243e-01  9.27855e-01  0.00000e+00  0.00000e+00
0109  3.39844e-01  2.65561e-01  3.03261e-01  9.27904e-01  0.00000e+00  0.00000e+00
0110  3.47656e-01  2.65603e-01  3.03289e-01  9.27983e-01  0.00000e+00  0.00000e+00
0111  3.55469e-01  2.65634e-01  3.03312e-01  9.28049e-01  0.00000e+00  0.00000e+00
0112  3.63281e-01  2.65641e-01  3.03311e-01  9.28041e-01  0.00000e+00  0.00000e+00
0113  3.71094e-01  2.65536e-01  3.03111e-01  9.27445e-01  0.00000e+00  0.00000e+00
0114  3.78906e-01  2.61002e-01  2.95897e-01  9.05451e-01  0.00000e+00  0.00000e+00
0115  3.86719e-01  2.26034e-01  2.41773e-01  7.22958e-01  0.00000e+00  0.00000e+00
0116  3.94531e-01  1.61390e-01  1.46786e-01  2.99426e-01  0.00000e+00  0.00000e+00
0117  4.02344e-01  1.29310e-01  1.04942e-01  3.65721e-02  0.00000e+00  0.00000e+00
0118  4.10156e-01  1.25169e-01  1.00189e-01  1.42862e-03  0.00000e+00  0.00000e+00
0119  4.17969e-01  1.25004e-01  1.00004e-01  3.00313e-05  0.00000e+00  0.00000e+00
0120  4.25781e-01  1.25000e-01  1.00000e-01  4.16437e-07  0.00000e+00  0.00000e+00
0121  4.33594e-01  1.25000e-01  1.00000e-01  4.32144e-09  0.00000e+00  0.00000e+00
0122  4.41406e-01  1.25000e-01  1.00000e-01  3.79683e-11  0.00000e+00  0.00000e+00
0123  4.49219e-01  1.25000e-01  1.00000e-01  2.88248e-13  0.00000e+00  0.00000e+00
0124  4.57031e-01  1.25000e-01  1.00000e-01  2.10370e-15  0.00000e+00  0.00000e+00
0125  4.64844e-01  1.25000e-01  1.00000e-01  4.04559e-17  0.00000e+00  0.00000e+00
0126  4.72656e-01  1.25000e-01  1.00000e-01  0.00000e+00  0.00000e+00  0.00000e+00
0127  4.80469e-01  1.25000e-01  1.00000e-01  0.00000e+00  0.00000e+00  0.00000e+00
0128  4.88281e-01  1.25000e-01  1.00000e-01  0.00000e+00  0.00000e+00  0.00000e+00
0129  4.96094e-01  1.25000e-01  1.00000e-01  0.00000e+00  0.00000e+00  0.00000e+00
0130  5.03906e-01  4.82850e-01  1.00000e-01  0.00000e+00  0.00000e+00  0.00000e+00
0131  5.11719e-01  4.89677e-01  1.00000e-01  0.00000e+00  0.00000e+00  0.00000e+00
0132  5.19531e-01  4.96473e-01  1.00000e-01  0.00000e+00  0.00000e+00  0.00000e+00
0133  5.27344e-01  5.03240e-01  1.00000e-01  4.05682e-17  0.00000e+00  0.00000e+00
0134  5.35156e-01  5.09975e-01  1.00000e-01 -8.18003e-17  0.00000e+00  0.00000e+00
0135  5.42969e-01  5.16680e-01  1.00000e-01 -6.70816e-17  0.00000e+00  0.00000e+00
0136  5.50781e-01  5.23353e-01  1.00000e-01  2.86985e-17  0.00000e+00  0.00000e+00
0137  5.58594e-01  5.29994e-01  1.00000e-01  1.16078e-17  0.00000e+00  0.00000e+00
0138  5.66406e-01  5.36603e-01  1.00000e-01  8.30069e-17  0.00000e+00  0.00000e+00
0139  5.74219e-01  5.43179e-01  1.00000e-01 -1.79552e-17  0.00000e+00  0.00000e+00
0140  5.82031e-01  5.49722e-01  1.00000e-01  0.00000e+00  0.00000e+00  0.00000e+00
0141  5.89844e-01  5.56231e-01  1.00000e-01  0.00000e+00  0.00000e+00  0.00000e+00
0142  5.97656e-01  5.62707e-01  1.00000e-01  0.00000e+00  0.00000e+00  0.00000e+00
0143  6.05469e-01  5.69148e-01  1.00000e-01 -9.03856e-17  0.00000e+00  0.00000e+00
0144  6.13281e-01  5.75554e-01  1.00000e-01 -2.53772e-17  0.00000e+00  0.00000e+00
0145  6.21094e-01  5.81925e-01  1.00000e-01  1.22101e-16  0.00000e+00  0.00000e+00
0146  6.28906e-01  5.88261e-01  1.00000e-01  2.63671e-17  0.00000e+00  0.00000e+00
0147  6.36719e-01  5.94560e-01  1.00000e-01 -8.70084e-17  0.00000e+00  0.00000e+00
0148  6.44531e-01  6.00824e-01  1.00000e-01 -6.76861e-18  0.00000e+00  0.00000e+00
0149  6.52344e-01  6.07051e-01  1.00000e-01  5.81214e-17  0.00000e+00  0.00000e+00
0150  6.60156e-01  6.13240e-01  1.00000e-01  1.19174e-18  0.00000e+00  0.00000e+00
0151  6.67969e-01  6.19393e-01  1.00000e-01  7.92753e-17  0.00000e+00  0.00000e+00
0152  6.75781e-01  6.25507e-01  1.00000e-01  9.87199e-18  0.00000e+00  0.00000e+00
0153  6.83594e-01  6.31583e-01  1.00000e-01  1.34628e-16  0.00000e+00  0.00000e+00
0154  6.91406e-01  6.37621e-01  1.00000e-01  5.57557e-17  0.00000e+00  0.00000e+00
0155  6.99219e-01  6.43620e-01  1.00000e-01  1.25350e-16  0.00000e+00  0.00000e+00
0156  7.07031e-01  6.49580e-01  1.00000e-01  7.92811e-17  0.00000e+00  0.00000e+00
0157  7.14844e-01  6.55499e-01  1.00000e-01 -5.39876e-17  0.00000e+00  0.00000e+00
0158  7.22656e-01  6.61379e-01  1.00000e-01 -1.68810e-16  0.00000e+00  0.00000e+00
0159  7.30469e-01  6.67219e-01  1.00000e-01 -1.81088e-16  0.00000e+00  0.00000e+00
0160  7.38281e-01  6.73018e-01  1.00000e-01 -3.83112e-17  0.00000e+00  0.00000e+00
0161  7.46094e-01  6.78775e-01  1.00000e-01  2.21630e-17  0.00000e+00  0.00000e+00
0162  7.53906e-01  6.84492e-01  1.00000e-01 -3.66837e-17  0.00000e+00  0.00000e+00
0163  7.61719e-01  6.90166e-01  1.00000e-01 -7.32241e-18  0.00000e+00  0.00000e+00
0164  7.69531e-01  6.95799e-01  1.00000e-01  0.00000e+00  0.00000e+00  0.00000e+00
0165  7.77344e-01  7.01389e-01  1.00000e-01 -4.21280e-17  0.00000e+00  0.00000e+00
0166  7.85156e-01  7.06936e-01  1.00000e-01  2.50781e-17  0.00000e+00  0.00000e+00
0167  7.92969e-01  7.12440e-01  1.00000e-01  7.45253e-17  0.00000e+00  0.00000e+00
0168  8.00781e-01  7.17900e-01  1.00000e-01 -1.45905e-17  0.00000e+00  0.00000e+00
0169  8.08594e-01  7.23317e-01  1.00000e-01 -7.00184e-17  0.00000e+00  0.00000e+00
0170  8.16406e-01  7.28689e-01  1.00000e-01 -7.82726e-18  0.00000e+00  0.00000e+00
0171  8.24219e-01  7.34017e-01  1.00000e-01  3.48062e-17  0.00000e+00  0.00000e+00
0172  8.32031e-01  7.39301e-01  1.00000e-01  5.45653e-18  0.00000e+00  0.00000e+00
0173  8.39844e-01  7.44539e-01  1.00000e-01 -1.15530e-16  0.00000e+00  0.00000e+00
0174  8.47656e-01  7.49732e-01  1.00000e-01 -2.65880e-17  0.00000e+00  0.00000e+00
0175  8.55469e-01  7.54878e-01  1.00000e-01  6.67245e-17  0.00000e+00  0.00000e+00
0176  8.63281e-01  7.59979e-01  1.00000e-01  5.54808e-17  0.00000e+00  0.00000e+00
0177  8.71094e-01  7.65034e-01  1.00000e-01  3.85800e-17  0.00000e+00  0.00000e+00
0178  8.78906e-01  7.70042e-01  1.00000e-01 -3.26401e-17  0.00000e+00  0.00000e+00
0179  8.86719e-01  7.75002e-01  1.00000e-01 -5.83996e-17  0.00000e+00  0.00000e+00
0180  8.94531e-01  7.79916e-01  1.00000e-01  4.33508e-17  0.00000e+00  0.00000e+00
0181  9.02344e-01  7.84782e-01  1.00000e-01  7.37353e-17  0.00000e+00  0.00000e+00
0182  9.10156e-01  7.89600e-01  1.00000e-01 -2.71262e-17  0.00000e+00  0.00000e+00
0183  9.17969e-01  7.94369e-01  1.00000e-01 -2.51710e-17  0.00000e+00  0.00000e+00
0184  9.25781e-01  7.99091e-01  1.00000e-01  0.00000e+00  0.00000e+00  0.00000e+00
0185  9.33594e-01  8.03763e-01  1.00000e-01  6.96875e-17  0.00000e+00  0.00000e+00
0186  9.41406e-01  8.08387e-01  1.00000e-01  4.33439e-17  0.00000e+00  0.00000e+00
0187  9.49219e-01  8.12961e-01  1.00000e-01 -5.57332e-17  0.00000e+00  0.00000e+00
0188  9.57031e-01  8.17485e-01  1.00000e-01 -1.94461e-17  0.00000e+00  0.00000e+00
0189  9.64844e-01  8.21960e-01  1.00000e-01 -3.63098e-17  0.00000e+00  0.00000e+00
0190  9.72656e-01  8.26384e-01  1.00000e-01 -3.69067e-17  0.00000e+00  0.00000e+00
0191  9.80469e-01  8.30758e-01  1.00000e-01  2.39316e-17  0.00000e+00  0.00000e+00
0192  9.88281e-01  8.35082e-01  1.00000e-01  1.27146e-17  0.00000e+00  0.00000e+00
0193  9.96094e-01  8.39354e-01  1.00000e-01  0.00000e+00  0.00000e+00  0.00000e+00
0194  1.00391e+00  1.25000e-01  1.00000e-01  0.00000e+00  0.00000e+00  0.00000e+00
0195  1.01172e+00  1.25000e-01  1.00000e-01  0.00000e+00  0.00000e+00  0.00000e+00
0196  1.01953e+00  1.25000e-01  1.00000e-01  0.00000e+00  0.00000e+00  0.00000e+00
0197  1.02734e+00  1.25000e-01  1.00000e-01  0.00000e+00  0.00000e+00  0.00000e+00
0198  1.03516e+00  1.25000e-01  1.00000e-01  0.00000e+00  0.00000e+00  0.00000e+00
0199  1.04297e+00  1.25000e-01  1.00000e-01  0.00000e+00  0.00000e+00  0.00000e+00
0200  1.05078e+00  1.25000e-01  1.00000e-01  0.00000e+00  0.00000e+00  0.00000e+00
0201  1.05859e+00  1.25000e-01  1.00000e-01  0.00000e+00  0.00000e+00  0.00000e+00
0202  1.06641e+00  1.25000e-01  1.00000e-01  0.00000e+00  0.00000e+00  0.00000e+00
0203  1.07422e+00  1.25000e-01  1.00000e-01  0.00000e+00  0.00000e+00  0.00000e+00
0204  1.08203e+00  1.25000e-01  1.00000e-01  0.00000e+00  0.00000e+00  0.00000e+00
0205  1.08984e+00  1.25000e-01  1.00000e-01  0.00000e+00  0.00000e+00  0.00000e+00
0206  1.09766e+00  1.25000e-01  1.00000e-01  0.00000e+00  0.00000e+00  0.00000e+00
0207  1.10547e+00  1.25000e-01  1.00000e-01  0.00000e+00  0.00000e+00  0.00000e+00
0208  1.11328e+00  1.25000e-01  1.00000e-01  0.00000e+00  0.00000e+00  0.00000e+00
0209  1.12109e+00  1.25000e-01  1.00000e-01  0.00000e+00  0.00000e+00  0.00000e+00
0210  1.12891e+00  1.25000e-01  1.00000e-01  0.00000e+00  0.00000e+00  0.00000e+00
0211  1.13672e+00  1.25000e-01  1.00000e-01  0.00000e+00  0.00000e+00  0.00000e+00
0212  1.14453e+00  1.25000e-01  1.00000e-01  0.00000e+00  0.00000e+00  0.00000e+00
0213  1.15234e+00  1.25000e-01  1.00000e-01  0.00000e+00  0.00000e+00  0.00000e+00
0214  1.16016e+00  1.25000e-01  1.00000e-01  0.00000e+00  0.00000e+00  0.00000e+00
0215  1.16797e+00  1.25000e-01  1.00000e-01  0.00000e+00  0.00000e+00  0.00000e+00
0216  1.17578e+00  1.25000e-01  1.00000e-01  0.00000e+00  0.00000e+00  0.00000e+00
0217  1.18359e+00  1.25000e-01  1.00000e-01  0.00000e+00  0.00000e+00  0.00000e+00
0218  1.19141e+00  1.25000e-01  1.00000e-01  0.00000e+00  0.00000e+00  0.00000e+00
0219  1.19922e+00  1.25000e-01  1.00000e-01  0.00000e+00  0.00000e+00  0.00000e+00
0220  1.20703e+00  1.25000e-01  1.00000e-01  0.00000e+00  0.00000e+00  0.00000e+00
0221  1.21484e+00  1.25000e-01  1.00000e-01  0.00000e+00  0.00000e+00  0.00000e+00
0222  1.22266e+00  1.25000e-01  1.00000e-01  0.00000e+00  0.00000e+00  0.00000e+00
0223  1.23047e+00  1.25000e-01  1.00000e-01  0.00000e+00  0.00000e+00  0.00000e+00
0224  1.23828e+00  1.25000e-01  1.00000e-01  0.00000e+00  0.00000e+00  0.00000e+00
0225  1.24609e+00  1.25000e-01  1.00000e-01  0.00000e+00  0.00000e+00  0.00000e+00
0226  1.25391e+00  1.25000e-01  1.00000e-01  0.00000e+00  0.00000e+00  0.00000e+00
0227  1.26172e+00  1.25000e-01  1.00000e-01  0.00000e+00  0.00000e+00  0.00000e+00
0228  1.26953e+00  1.25000e-01  1.00000e-01  0.00000e+00  0.00000e+00  0.00000e+00
0229  1.27734e+00  1.25000e-01  1.00000e-01  0.00000e+00  0.00000e+00  0.00000e+00
0230  1.28516e+00  1.25000e-01  1.00000e-01  0.00000e+00  0.00000e+00  0.00000e+00
0231  1.29297e+00  1.25000e-01  1.00000e-01  0.00000e+00  0.00000e+00  0.00000e+00
0232  1.30078e+00  1.25000e-01  1.00000e-01  0.00000e+00  0.00000e+00  0.00000e+00
0233  1.30859e+00  1.25000e-01  1.00000e-01  0.00000e+00  0.00000e+00  0.00000e+00
0234  1.31641e+00  1.25000e-01  1.00000e-01  0.00000e+00  0.00000e+00  0.00000e+00
0235  1.32422e+00  1.25000e-01  1.00000e-01  0.00000e+00  0.00000e+00  0.00000e+00
0236  1.33203e+00  1.25000e-01  1.00000e-01  0.00000e+00  0.00000e+00  0.00000e+00
0237  1.33984e+00  1.25000e-01  1.00000e-01  0.00000e+00  0.00000e+00  0.00000e+00
0238  1.34766e+00  1.25000e-01  1.00000e-01  0.00000e+00  0.00000e+00  0.00000e+00
0239  1.35547e+00  1.25000e-01  1.00000e-01  0.00000e+00  0.00000e+00  0.00000e+00
0240  1.36328e+00  1.25000e-01  1.00000e-01  0.00000e+00  0.00000e+00  0.00000e+00
0241  1.37109e+00  1.25000e-01  1.00000e-01  0.00000e+00  0.00000e+00  0.00000e+00
0242  1.37891e+00  1.25000e-01  1.00000e-01  0.00000e+00  0.00000e+00  0.00000e+00
0243  1.38672e+00  1.25000e-01  1.00000e-01  0.00000e+00  0.00000e+00  0.00000e+00
0244  1.39453e+00  1.25000e-01  1.00000e-01  0.00000e+00  0.00000e+00  0.00000e+00
0245  1.40234e+00  1.25000e-01  1.00000e-01  0.00000e+00  0.00000e+00  0.00000e+00
0246  1.41016e+00  1.25000e-01  1.00000e-01  0.00000e+00  0.00000e+00  0.00000e+00
0247  1.41797e+00  1.25000e-01  1.00000e-01  0.00000e+00  0.00000e+00  0.00000e+00
0248  1.42578e+00  1.25000e-01  1.00000e-01  0.00000e+00  0.00000e+00  0.00000e+00
0249  1.43359e+00  1.25000e-01  1.00000e-01  0.00000e+00  0.00000e+00  0.00000e+00
0250  1.44141e+00  1.25000e-01  1.00000e-01  0.00000e+00  0.00000e+00  0.00000e+00
0251  1.44922e+00  1.25000e-01  1.00000e-01  0.00000e+00  0.00000e+00  0.00000e+00
0252  1.45703e+00  1.25000e-01  1.00000e-01  0.00000e+00  0.00000e+00  0.00000e+00
0253  1.46484e+00  1.25000e-01  1.00000e-01  0.00000e+00  0.00000e+00  0.00000e+00
0254  1.47266e+00  1.25000e-01  1.00000e-01  0.00000e+00  0.00000e+00  0.00000e+00
0255  1.48047e+00  1.25000e-01  1.00000e-01  0.00000e+00  0.00000e+00  0.00000e+00
0256  1.48828e+00  1.25000e-01  1.00000e-01  0.00000e+00  0.00000e+00  0.00000e+00
0257  1.49609e+00  1.25000e-01  1.00000e-01  0.00000e+00  0.00000e+00  0.00000e+00
